2.351229945905575 1.9022323750458363
2.457984957387801 3.076944739415689
1.8344285608954145 1.8344401700148516
3.116672090781977 2.542658301102083
1.6680314781120051 2.3836478860205044
1.6723142068904835 1.6706793330501317
2.1710931630156436 0.6471065646922143
0.7802989036404331 1.602402675097079
1.2838202466147608 2.2222064198479026
1.357930018718306 1.0013504756909548
3.036370183342146 1.840352046894759
2.047749651456184 0.9925508960452307
1.615063283927435 2.0784341153706194
1.1861246363025262 2.2656586164505725
1.575284309315409 1.7937413714914419
1.5745291742078091 3.309758464910177
1.9904560208606081 1.2520854296001602
2.5816270851786576 1.1367331763369544
2.1476888643708634 0.6143039665159289
1.0608306381465522 2.1392019148358217
2.5221747263943928 2.121175673709711
1.9182243152906984 1.7870875350084838
0.9545270744777608 1.4909932788462392
1.6742792013768972 2.7474982947024147
2.242974822693582 0.7533423506388264
2.2291619724329133 1.7277057082028429
1.5213438632492944 2.432520451730399
2.7290267537569797 2.6585144874112796
1.4065835984386932 1.7813538322088027
2.234238618704585 2.689814574741713
1.6611726470497 1.86871927861286
1.2177030376164946 1.1541541844122905
2.5745425189041136 2.9590065211190657
1.9490811547164781 2.7096049172432375
2.2557152856325304 1.543831446841315
2.255545283346018 3.087556085860961
1.9746671648022989 3.1063701391665943
0.1475604719178838 2.5811728343179268
2.061551572233619 1.7885698748609626
2.064884667335197 0.5945765424101226
1.8446685184740446 2.2525167209629218
3.045028900911941 1.6335276141716717
1.4283086908482834 1.64520419197326
2.647287044939663 2.232462138962965
1.6254029675135597 2.362934882516667
2.068644193444971 2.684935441368185
1.5035734965663283 1.7683078742025775
1.7227376659617182 0.9651386558079005
2.209388655959201 2.1845939532228997
2.0036157598671873 1.8341218472113205
0.9991817504031162 1.7025588397982105
1.7576642413528523 1.4327043025415678
1.8859537795724668 2.285707100797795
3.3337348413244254 2.1234451552981093
2.1821156277773115 1.9473587881301007
0.6432238621164947 1.9812518588743233
2.042589189881589 3.741775201442622
1.8639802573676816 2.2132261706128786
1.9754550722544366 1.1736198345754416
2.808097761838267 2.531696946410984
2.5593440538893364 1.356965963988665
2.991925369872826 1.0087416072860096
2.4149706306136007 3.5488860268984586
1.2995850474884874 1.5995670352273341
2.0704641560079673 1.6439889508121028
0.903515372555139 2.0484813444236645
1.2488378403446183 2.3348804192207564
1.349868889186029 3.0959691281822392
1.4461562856023575 1.7722681179317457
2.575243541014104 1.1296474951290056
2.1608384622068284 2.924289505531966
0.8633377041980703 2.13055585340483
2.1837648861267684 2.552832254320477
1.1253437643445876 1.0662961746254869
2.369068420430832 2.209999876351657
2.177125193118316 2.244975878265249
1.5191499079973552 2.1642281642181924
2.207233533248611 1.494877268163329
3.319301808995473 2.335050471526154
1.1576212186767578 2.4642535088774795
1.3107959814840306 2.5565528606738144
2.8192507905688897 1.4196899674936085
2.6812097938219077 2.291880192581267
2.5812843136754022 3.3412351805416636
1.8264843991517792 1.467028046957281
1.3710183148485084 1.4231350153392088
1.9454808584322123 2.241230874808031
2.195649940498183 2.5849068846772933
2.0091937259151225 3.0278038026436693
1.812859358530084 3.923450063670079
2.4424136243716377 1.393898079312756
1.2427646526991858 2.3411595165539083
1.8419879491532571 2.504874591143064
2.334629533448567 1.9485021819938826
1.4012264196876614 0.9288412549630034
1.6842662494922231 2.605565394866111
2.151387138284085 1.1191296619857054
2.1224574070415354 2.2724605321152924
1.3750184132600225 2.1087000648527034
2.041159779537345 1.1917979517091584
7.32001474369159 7.501580928675758
7.96871048114223 7.942549209271525
5.76777505709151 6.161183783899332
7.460661547315333 7.459544124849628
7.460672655293724 10.44598780486322
7.510619995847797 8.015680785742754
7.853285117530191 7.582622047147365
6.718014615107671 7.678842707941189
6.308764114227253 6.78818299879702
6.565877645301462 7.0732304565068445
9.070293559913678 5.329867238938246
7.613809774371743 5.557543073450858
6.577891306938608 7.973987023583203
7.057493796916976 6.036035765661863
6.360212912614786 7.607850705589508
6.346740225193171 7.19360644824761
7.040760692753866 6.417190931436361
8.917601889476124 7.566994410453312
5.188657404841533 7.1667698090090335
6.408080191275446 7.762439553156478
6.29114790211446 6.8973766069534355
7.451674353429181 7.774354986415169
5.92642225626981 6.70081299924078
6.575195999459725 6.415644569710964
8.579070276973512 7.362226654141147
5.87223110654724 7.8209606830299165
8.898114206157073 7.923465002799759
5.641034189262114 6.566887878419791
8.133159780413466 6.367041187710182
7.39696416442802 7.692853760461681
6.170928182054188 6.946758902984374
4.100922357742251 6.0837598394663415
6.774096177813374 5.883948793578243
8.460073057132082 5.720842664577923
6.606412245848617 7.116937927291706
8.289114019402616 5.715725849457478
8.040365287512882 7.00915272802308
6.122111974301065 7.413317912436599
7.178044404353077 6.463149704572118
7.06243288280356 6.655365041904862
7.101533000242841 7.592227679286739
8.418576565743518 5.892864160408141
8.907843049602876 5.253999592887881
6.864239283811668 7.526206906412917
7.251326766952065 6.44304061764987
6.813849800228361 6.559046558852767
6.472856135972041 7.759907217106153
7.319324358255187 6.380242817094125
7.804626589607636 7.274857047253286
7.7270459816233705 7.563157156454267
6.258524321028027 6.498958845765213
7.6683997200826 7.545931761981527
6.981305046023226 7.104940801880244
8.142778223779242 6.47088246440765
7.489338773843327 6.81915339384273
6.805300012863995 7.982775893258633
7.73827482643077 7.727625138579415
8.167655742392967 7.018786407071795
7.609957280509401 6.72248897643946
7.289943200072926 6.883596513453763
7.086755828506763 7.532324626465404
6.268161172677453 8.871488073475312
6.100190699368131 5.913996689720184
8.035845855451125 7.708084639580695
7.558229734813341 7.562009308828662
6.98904615336372 6.197471292899532
7.067801658050204 6.394328152519527
7.872173604049426 6.868467879347239
6.26165286109457 6.712543764423169
7.369337120723257 6.495789431737857
6.264583721210677 7.2179604680573135
7.219104762085656 6.546576239656223
6.578690531452444 7.207551773642497
5.704793990103585 5.7411261298502385
6.357403953295061 6.809087063667439
7.278084180558445 8.31959871685045
7.767114087614629 6.856946629912156
6.982991386582127 6.103310476492075
6.9834413477777275 6.741815864432802
7.288648255406734 6.260102150850286
7.464517643888329 8.37092336049316
6.902721965922999 7.359301887188695
7.6172835518916395 6.64113750035949
7.20043440902989 7.011262985659206
7.087364158452862 6.308599030410703
7.021922566313345 7.445423212761425
8.297942300857603 7.857997910383561
8.925864937182357 6.313663474805411
7.780227296753334 7.1639860751848445
8.958619286401259 6.277036035139743
6.248929951476974 6.463886919829495
5.1003299133288476 6.529750412803977
6.321011105930236 7.134516291981756
7.3056758374218 8.67809821355582
7.850084923848107 6.484001683788295
6.196433489152776 7.4399858827695695
5.819147521179716 8.638106519375283
8.054923314129342 6.580356539402435
5.4677258953402825 8.210940264597157
6.897552447953136 8.107136566892299
10.405572341205634 11.400624977046228
12.005243699718184 12.046980593764742
11.549934528520756 12.6228499323475
10.932379570617405 11.857620514978706
12.1202956317119 12.51443883405875
12.71161487808889 10.875357908162131
10.465885829264378 13.27767682189851
12.33231401197959 11.251513463443446
13.551151975522522 12.115674634292859
13.179297184063827 12.06751848141011
14.060747924881987 13.755340842443204
11.751035851520927 12.971570950954355
12.645375949585148 13.368631557532348
11.035076539419896 12.686051459998438
13.058424486849589 10.241260513576886
10.816741487334225 9.9607678222399
11.730593165555442 12.717542255795962
13.502357052096029 12.074094780419776
13.628615545571291 10.619898541785108
10.296617560644846 11.94445230110338
12.384065448939307 11.967305251905907
9.932557899960123 11.910879960487211
10.695530499495147 12.669672548830038
12.366598246096848 11.060120213672645
11.486133082663306 10.940786478111049
11.937320902726828 12.955142320501238
11.014273953664457 12.504046515517844
11.46974238162756 11.207127167737656
11.892969640045441 10.964757677580625
11.446350694652818 10.80212210741115
13.964725132916389 12.03526355197173
11.300274492007414 12.213979910734222
11.887671950309171 11.779030400466777
12.614166700043425 12.757507710047305
11.469498852389473 11.42418175935532
11.724948302848356 9.698078835264415
10.484808937801448 13.366874267444524
13.644967713501284 11.750963960443622
12.576556963055767 12.311250154543536
15.078880808455239 13.119574911434576
11.872082408519233 11.044459559399574
10.393553679742428 12.203463635867223
11.243649254715697 10.577746290402326
11.353427115757473 10.918451996385604
13.687141635072564 12.88163975694945
11.992027358683382 13.479944138890026
12.077368307647617 11.138715798671736
13.523124077269657 12.538910043684659
10.962753845673543 11.809661321916392
11.124381746615242 10.617200269035663
12.92617754753164 13.90941664047013
10.601432426180859 12.56296923669057
11.349357430878174 11.512874616235305
11.40760607576113 11.136009230320184
12.048521627944828 11.169049883588961
12.270456825779839 11.949761890550864
11.76105195313359 11.092436337958402
11.423228669431667 12.755391225825756
12.500917187624381 11.022444755201448
12.099332305429225 12.751387123371789
10.33059471887863 12.543360192379936
11.337376241054153 12.57059866859316
11.236740843457483 10.19511789933548
10.372457562116837 12.048084946661382
12.259722501721482 11.095683374895591
12.638592458777374 10.33847993773104
11.933920201352683 10.788983800237544
11.34816389219784 12.047398671316413
11.139586634716048 11.615444455770175
13.00629280921444 11.423108130476852
12.835692112065141 10.870293145342382
12.529804177915283 13.4415686206579
9.52835549987271 11.203104744529524
12.57707212718054 11.796954613957007
12.371145873371308 11.396014813284179
12.0865897874729 11.84432276460792
13.167782061659807 12.254420843301213
12.337602662075202 11.588123033877533
11.512393775927507 11.567441812180379
12.394452142378297 11.579015519179737
12.289774856896413 14.07540079864544
12.871124703431692 11.673976467832158
13.201213922163944 11.591924626978448
9.961875464822146 10.991913689082596
10.129208078974145 11.648486515958691
12.018418379189551 13.676437312275283
12.326927373764162 11.780899471191136
12.829405581183488 9.788864690992115
12.235614558108566 12.770865193886968
10.52141375422016 13.143754043206929
12.338496407494414 11.584712086099199
12.632781866106285 14.270692857804395
12.181866255058495 12.248220586300336
11.540639100459757 11.150155630535208
12.830335816544245 11.143916174091133
12.071566237219393 11.522342553234884
12.478979825746391 12.333662105286948
13.0375399442579 11.489983601145253
11.730125064706629 11.021236284217693
11.555706739923888 12.377300493044853
17.82923948222258 15.989818500397702
17.95260555716381 18.48502687015095
17.452895245111172 19.05592680473858
16.152356401794233 15.636549085382875
15.051509592367847 18.63883443285982
17.716821661683582 16.939110043781685
17.3066902640582 15.76708852113936
19.679187058598103 17.141554712550626
17.119835993357487 17.795037502787363
17.526919213180854 17.24525266072543
16.13407861924198 17.516467708706575
19.061654540993356 18.473833817197445
18.74524850745192 16.439991284536756
15.91594223385706 16.862207332844644
17.06104358295103 18.198626753794738
15.14599788905113 18.67553842561562
16.8269110193686 16.532375217235714
15.891295206240665 15.187195342762386
17.90173819502128 17.080315808999025
15.586918633824329 15.581312285589332
16.632166291467417 18.82832147672536
16.71563192224981 15.353389394844566
16.73080196089938 16.701246297771736
14.04570870125304 16.940522953702924
16.7470238969957 17.76265586137396
19.02542992207646 18.23409015835956
16.705447197450187 15.78786159863657
19.81897442563401 17.064870544259733
17.01525877478159 16.973572291176147
17.216990983541137 16.84186109195704
16.37158475689602 16.40094604421849
16.96412059014127 16.40470798908591
16.219116569610584 17.116588473014527
16.720686452737397 18.647541772352696
14.096008073356 18.195685848938766
18.365017937008236 14.728714798398356
16.624604549090037 16.593106917829704
15.458148189701449 16.147944509205058
15.783425115235989 18.919516097425397
18.024984324994104 18.39291881727785
17.790552137195586 15.763185752626324
16.425416836579902 17.536082972507447
15.661226061831037 17.78105064734238
16.736736716574757 16.589404377365565
17.778817624136416 17.486666074345695
16.60458137696948 18.269982169781255
15.815754458763879 17.674723651788018
17.64970987574795 16.66090886518465
17.357260826058685 15.629473744425614
18.012220884327757 16.797449857878554
16.42738562066897 18.14913203204379
16.228430144906586 15.457107953217418
15.294798175980668 17.66385064084923
15.597359920692105 18.922280714503323
14.719360600337424 18.85837484147149
17.23115805362896 16.89405609404413
16.403071048279244 17.437231706691183
16.958773249073833 18.208606657036704
17.12513011972595 17.16464733037086
16.601682778372233 16.93761919467354
17.337179944124344 15.126604388419228
15.523136865226155 17.814205020959765
17.187173709521353 16.798456352949156
17.020193361926914 17.380756681205405
16.40872289492557 16.14740989056858
17.214537727994706 15.928246320102524
17.447218486936926 15.134913107840973
18.127383515493722 17.51770460347555
17.280466521751528 18.07648403792781
18.824435844361076 18.111186732536822
14.98342331593935 15.598293662509638
16.315545541295563 17.028581313498947
17.567067045213935 16.204987485132065
17.2045927397927 16.172519456791374
16.33011580997062 15.45907997298254
15.988648650532678 15.51930370174292
15.93098441215674 18.154206759064767
15.959985625032811 19.88363007376693
17.54040268466712 17.202477828778996
16.059716162769377 17.767151036392054
16.369420355232663 17.133655055436577
19.804432101460034 16.89477165209825
18.258965851091318 16.22970882010542
16.961672029003516 18.93981490596411
16.31319199927399 18.985437919065255
17.775303400333808 16.383848517991012
17.6927679684431 18.065380020925165
17.681158685575586 15.279905001127533
16.20346113280024 16.728856919811083
16.918462263698885 17.679912217285107
17.19466169340478 15.537203545394416
17.41648587862191 17.668863171966105
17.613219711615503 18.183935966206132
17.913515950499487 17.503006574700848
16.9231373141414 15.180508459156906
17.47062317946823 17.227510462350626
17.297499710545857 15.601392009521243
15.815761893759799 18.15367114854272
16.956669499934247 17.746546609812977
17.03102122679714 17.03259621765218
23.149158279278883 21.367976865707107
22.117723428592644 21.433830710987433
21.46785297381328 21.621343027404535
22.27205719757126 21.413655080931864
23.53798087451474 20.904334294697197
21.771129912204863 21.461441641587108
23.772178742879287 22.24072945448007
23.263746307787628 20.180567551980392
22.327068443527136 23.089570754371824
22.100776893862715 23.304941624929675
21.366453623709464 23.72609104937615
24.815563686754423 21.55561533395842
21.454373071722383 23.780025184510052
23.934572884476697 21.35962986328837
21.485378350735495 21.65488574546101
20.35339113177097 20.874885739949576
20.770183745765188 21.05964386987177
21.957519862058245 22.286853292478458
23.898967526664173 20.777271008772097
23.205543809330063 21.737918260499793
21.93941957528318 22.826481712146123
20.624951962093178 22.468354375409074
22.203861488340745 22.603127160004284
22.35415781359336 25.00711625408292
21.21893122500685 21.349664202636973
21.236811836105016 21.319682247133102
21.219363384740326 23.45624189847379
23.73975529251554 21.300981403864572
20.98057678066639 22.57736378497846
21.32366765865263 22.77517999773662
22.24852892907492 20.14360016881516
23.8952990587808 24.1994919697704
21.24949019408248 21.525164502837885
22.35011217119868 22.409624238238703
22.806548720540352 24.46198769930218
21.783284790619703 21.02228954390549
20.3106858494774 21.104797182235085
21.95942790986809 24.197875539758858
21.366058216131112 22.27408314604897
21.9798861422615 23.455478566851802
25.094847528941823 21.349821192983892
21.40056155291905 23.27883067909809
22.835143104765397 24.261745326156483
22.71516305023897 21.55995885447699
22.723401474653073 23.35787902421241
23.004881343489657 22.6212812679888
23.306404355517532 23.43208877753914
23.692792135720985 22.79450410784643
21.795322988215126 22.179686835022167
23.477665669019075 20.999462226701535
22.451530744261053 21.518260306882805
22.035205074468475 23.565777362049314
22.234047603485088 22.05687292419937
20.334523165504486 22.913970227749523
22.790553440416932 24.649435127881993
21.623050185215355 22.268403239870196
22.30543138763349 23.931977814250157
21.88328728544255 22.34173018269508
22.74451813261218 22.22854856654063
21.453232720162433 22.23771072339063
23.314924979403933 20.742780651641304
22.162853926462 21.142530622548747
23.463627229849507 20.134484650195244
21.315463334045408 22.461988309413275
23.917367525845055 21.9194727049582
21.320022227083467 24.303937473079394
20.226552401761474 19.307023681444278
22.53890544104101 21.385111663563656
20.749250344722373 22.867555925947048
22.298593673832883 21.309147589943603
20.43195375390773 23.068537638319114
22.79633055807764 21.87853486947037
24.26165919023135 20.689419170487778
20.131620870731147 21.15258913993849
21.94416876026143 22.29802874256522
21.704547375345737 22.431178041326618
20.46718350887837 23.768243294335434
21.899385765584928 23.36840233956476
22.419751110272 22.559406162650195
22.697819554351128 22.54832876275932
22.78717140387442 23.627872744576848
22.240688294711752 22.868348715903895
21.890096668640954 23.76377617382448
21.17159199700416 24.205692558889268
21.950816755902743 20.247665531566142
22.15689522516461 21.165885475354898
23.029573875292364 21.200702128402227
21.453539128470307 19.685794680488947
21.446040155201686 19.031366225839086
20.060123140153202 22.931313950243727
22.962404714246304 22.521076966790904
20.815700927944476 21.941565761257973
21.99558780872484 20.58129878771032
23.841279359748142 23.07454496573493
21.729375261340838 22.032928293421612
22.255215775319943 19.499395691155968
21.697270768433903 21.164743289894847
20.77327102979801 21.655723857941254
24.20170735412871 22.784869007704682
21.30045146161689 22.701267824913085
