1293.921753 1307.026245 1386.860474 1582.816528 1779.736694 2816.364990 4265.578613 2241.249023 2490.571045 3922.824951 2143.405518 1100.276245 885.453796 640.186035 523.367798 432.260620 357.205902 313.023682 265.077301 236.750565 207.220139 185.334976 167.168930 149.636719 137.472946 124.101379 114.656845 105.061661 96.947212 90.162651 83.181572 78.046509 72.381889 68.024490 63.693615 59.746887 56.461826 
13.707928 15.131372 18.402794 19.864552 5.895794 105.067047 1935.377563 5665.519531 5666.507812 1934.382568 104.113884 6.541271 20.031136 17.483055 12.222674 7.340986 3.575982 1.000666 0.567572 1.306471 1.477096 1.284844 0.909216 0.485812 0.117203 0.185031 0.342217 0.389406 0.347777 0.249538 0.129375 0.034195 0.088923 0.139787 0.154831 0.135954 0.094758 
9.636440 12.355127 17.625706 20.454035 7.176508 103.708466 1934.214111 5666.323730 5666.104004 1934.432373 103.909454 6.890315 20.408831 17.808056 12.442976 7.437009 3.558867 0.903769 0.722386 1.463471 1.607446 1.366061 0.935335 0.462966 0.082750 0.265877 0.421012 0.450989 0.381532 0.255135 0.108805 0.050439 0.136674 0.183630 0.186351 0.150441 0.092194 
82.787384 107.851982 124.462189 193.116135 309.775146 347.442810 2314.600586 5259.623535 5365.618652 2438.783203 476.139435 447.967926 363.594299 299.231232 283.636902 255.035950 223.431992 199.176300 171.432953 148.656204 134.971542 123.837845 116.568939 110.978973 104.366554 99.232132 94.808731 90.377487 86.996719 83.563126 80.162521 77.505112 74.804955 72.291359 70.150513 67.883896 65.888206 
14.754774 39.849991 98.986511 186.836853 295.000549 408.937866 509.658447 579.773071 607.840332 588.287292 525.974487 441.694244 350.303040 213.658493 492.280640 794.547424 465.985901 110.910904 156.772751 145.740799 138.156723 133.117523 124.686287 118.027023 112.800697 107.697762 103.230820 98.680260 94.521080 91.213158 87.995300 84.833778 81.912132 79.232330 76.901085 74.650307 72.384346 
0.021814 0.043052 0.089966 0.157274 0.245129 0.335001 0.395441 0.363844 0.129815 0.513434 1.992920 5.380730 14.281504 51.086437 390.578094 637.488403 390.576080 51.089218 14.282640 5.377664 1.983862 0.498107 0.149020 0.383089 0.408486 0.335114 0.225404 0.117594 0.027221 0.033933 0.067211 0.076121 0.067310 0.047539 0.024427 0.002625 0.014160 
0.098513 0.085852 0.070434 0.122562 0.224892 0.335063 0.411201 0.388514 0.157334 0.491921 1.978927 5.375160 14.284027 51.094830 390.566650 637.500000 390.566681 51.094906 14.283965 5.375185 1.978866 0.491457 0.155085 0.387773 0.410893 0.335061 0.223643 0.113773 0.023854 0.037644 0.069746 0.077090 0.066638 0.046314 0.021908 0.002629 0.016432 
52.286438 52.617889 53.063446 54.115696 55.573181 57.410023 60.414162 63.374348 68.968208 74.408119 84.842247 98.886330 121.582779 213.914505 321.281433 344.261414 254.695938 117.435349 18.671915 18.052614 84.484444 190.653442 278.763733 293.759216 229.950821 135.650803 80.103920 66.069168 53.058727 44.654922 39.208775 33.996735 30.640434 27.456436 24.917370 22.882734 20.920244 
0.043540 0.043382 0.038848 0.031669 0.018350 0.012488 0.036578 0.068685 0.101771 0.128313 0.139250 0.114331 0.039864 0.113957 0.366988 0.739120 1.224799 1.750988 2.007945 0.660549 10.406245 193.441681 566.630188 566.596985 193.465942 10.414818 0.670036 2.033167 1.785192 1.258787 0.763564 0.375453 0.104302 0.068812 0.153659 0.173971 0.155408 
0.016521 0.025556 0.037078 0.044254 0.040997 0.025857 0.011699 0.047191 0.092619 0.133671 0.157507 0.140530 0.067237 0.092530 0.355854 0.741665 1.239432 1.773764 2.032853 0.681145 10.394876 193.442307 566.618042 566.617371 193.442673 10.395626 0.681961 2.033319 1.774645 1.240342 0.742185 0.356594 0.091672 0.067004 0.143547 0.156813 0.135172 
3.793498 3.785263 3.872108 4.052521 4.201884 4.448059 4.797823 5.091918 5.535414 6.146904 6.622492 7.304340 8.295376 9.027429 10.250877 12.328774 13.593925 15.910696 22.235880 26.172920 29.898533 222.722275 549.400452 550.307739 218.117096 25.445114 17.329441 18.371901 20.865063 23.845053 27.308365 30.210175 30.832396 29.251183 26.511124 23.049362 19.358732 
6.511427 6.597254 6.721355 6.869754 7.101031 7.433403 7.918064 8.373648 8.895523 9.676095 10.591669 11.605885 12.644476 14.136985 16.399914 18.729622 21.222319 25.317930 33.724468 47.547653 63.675285 78.826210 90.168686 93.832855 90.219490 83.841240 72.640503 74.473503 137.508530 397.241882 542.071289 394.070953 126.859383 57.907864 39.983105 35.085159 27.848343 
0.007039 0.007363 0.005850 0.001197 0.004587 0.010294 0.017245 0.022544 0.022088 0.013923 0.000577 0.019968 0.042885 0.063786 0.074367 0.067253 0.036530 0.023387 0.111304 0.222370 0.332960 0.408962 0.386634 0.154842 0.491220 1.977562 5.373567 14.282719 51.094131 390.568146 637.501038 390.566803 51.096043 14.284994 5.376112 1.979514 0.491750 
0.020373 0.017725 0.011552 0.003990 0.005459 0.024096 0.016595 0.035607 0.025456 0.017050 0.000506 0.022836 0.047658 0.067914 0.078086 0.070867 0.038368 0.026438 0.110573 0.226583 0.335469 0.411593 0.388092 0.155128 0.491697 1.979167 5.375923 14.284417 51.094875 390.565369 637.498657 390.566010 51.094212 14.283667 5.374825 1.978353 0.491677 
30.506435 30.537165 30.635124 30.818657 31.040958 31.381174 31.754726 32.223598 32.828171 33.444843 34.313072 35.147999 36.268303 37.488113 38.865131 40.642151 42.431240 44.883602 47.485085 50.814884 54.799984 59.753403 65.842766 74.571434 84.583206 102.139381 126.289452 166.079742 342.256805 493.326294 218.595261 241.776947 295.589081 157.909912 107.552773 86.869362 68.241478 
