0.125000
0.249023
0.373047
0.497070
0.621094
0.745117
0.869141
0.993164
1.117188
1.241211
1.365234
1.489258
1.613281
1.737305
1.861328
1.985352
2.109375
2.233398
2.357422
2.481445
2.605469
2.729492
2.853516
2.977539
3.101562
3.225586
3.349609
3.473633
3.597656
3.721680
3.845703
3.969727
4.093750
4.217773
4.341797
4.465820
4.589844
4.713867
4.837891
4.961914
5.085938
5.209961
5.333984
5.458008
5.582031
5.706055
5.830078
5.954102
6.078125
6.202148
6.326172
6.450195
6.574219
6.698242
6.822266
6.946289
7.070312
7.194336
7.318359
7.442383
7.566406
7.690430
7.814453
7.938477
8.062500
8.186523
8.310547
8.434570
8.558594
8.682617
8.806641
8.930664
9.054688
9.178711
9.302734
9.426758
9.550781
9.674805
9.798828
