# YR	YI
-9.896421	0.000000
5.256048	2.657246
-0.583198	0.600197
5.196075	-2.660381
-9.910898	-1.207179
5.332493	2.666702
-0.586962	1.828072
5.152354	-2.676245
-9.954754	-2.470459
5.425908	2.688797
-0.594242	3.143371
5.124465	-2.705110
-10.028478	-3.855895
5.537265	2.724699
-0.605697	4.620414
5.113717	-2.747797
-10.134264	-5.451347
5.667835	2.774479
-0.621042	6.367167
5.120734	-2.805548
-10.274960	-7.390736
5.819917	2.840257
-0.640528	8.554354
5.146285	-2.879367
-10.453152	-9.900635
5.995193	2.923011
-0.664537	11.490088
5.192719	-2.971807
-10.673884	-13.411868
6.197517	3.025659
-0.692844	15.801242
5.262567	-3.085389
-10.944022	-18.877380
6.430201	3.151345
-0.726340	23.017698
5.359452	-3.224055
-11.271436	-28.935003
6.698945	3.304276
-0.765209	38.156075
5.488261	-3.392789
-11.667685	-54.649792
7.010703	3.490423
-0.810024	92.967865
5.655962	-3.598487
-12.148302	-284.072479
3.687383	-223.140823
-0.861306	-288.768555
5.871333	-3.850457
-12.734113	97.667542
7.803979	3.997981
-0.920015	-59.356651
6.148192	-4.162466
-13.456284	42.873566
8.316556	4.346831
-0.986768	-33.667042
6.506185	-4.554070
-14.359042	27.767673
8.938712	4.788713
-1.062907	-23.649279
6.975462	-5.055689
-15.511466	20.599104
9.711135	5.361605
-1.149537	-18.239864
7.603909	-5.714668
-17.024118	16.351992
10.699853	6.127429
-1.249185	-14.801427
8.472826	-6.613849
-19.086395	13.498790
12.016970	7.195497
-1.362962	-12.383871
9.732559	-7.902304
-22.057405	11.413986
13.880941	8.778316
-1.494065	-10.558172
11.693676	-9.891106
-26.703131	9.793222
16.772270	11.349813
-1.646004	-9.101351
15.118986	-13.343031
-35.011547	8.468696
22.016333	16.226591
-1.823056	-7.883739
22.514357	-20.764427
-54.263355	7.338027
35.155083	28.940081
-2.031841	-6.823494
49.754505	-48.029411
-149.946548	6.333651
150.227692	143.513306
-2.280107	-230.862747
-141.273315	142.974457
136.295502	5.405430
-40.181442	-47.490158
-2.579591	-4.956788
-26.722115	28.399981
40.505646	4.511940
-12.195356	-20.223185
-2.946518	-4.065995
-14.028545	15.683846
21.030407	3.613434
-3.882164	-12.798161
-3.405305	-3.148881
-9.168944	10.802655
12.358616	2.665492
0.699467	-9.341162
-3.994009	-2.155492
-6.612611	8.225154
7.166483	1.609039
4.165336	-7.345536
-4.774589	-1.013937
-5.042638	6.634753
3.388374	0.354171
7.466809	-6.048668
-5.856545	0.392246
-3.985158	5.557237
0.110584	-1.256018
11.270686	-5.139714
-7.452177	2.281469
-3.227228	4.780370
-3.333263	-3.537159
16.490503	-4.468216
-10.036056	5.132388
-2.660221	4.194561
-7.894996	-7.256330
25.192293	-3.952743
-14.924534	10.265289
-2.221643	3.737821
-16.189789	-14.923230
44.699524	-3.545236
-27.648653	23.214365
-1.873594	3.372004
-44.159691	-42.414753
140.523560	-3.215408
-142.232025	138.005630
-1.591664	-221.926666
146.263992	148.379272
-145.681931	-2.943114
48.761608	-52.795609
-1.359657	2.824289
31.203886	33.609673
-49.959835	-2.715092
21.485546	-25.340309
-1.166046	2.614405
18.075960	20.711615
-30.666338	-2.521358
14.051891	-17.739250
-1.002649	2.435164
12.840839	15.659966
-22.313749	-2.355050
10.586541	-14.117329
-0.863212	2.280371
9.956545	12.922748
-17.620985	-2.210983
8.583385	-11.966558
-0.743757	2.145659
8.097875	11.181839
-14.599998	-2.084548
7.278869	-10.523876
-0.640011	2.027204
6.783737	9.962624
-12.484091	-1.973280
6.362932	-9.477410
-0.549841	1.922887
5.797154	9.051950
-10.915574	-1.874751
5.684568	-8.675398
-0.470834	1.829538
5.023422	8.339053
-9.703071	-1.787137
5.162817	-8.036981
-0.400826	1.745789
4.398728	7.761654
-8.735367	-1.708180
4.749712	-7.511925
-0.338944	1.671313
3.881075	7.282092
-7.945194	-1.636574
4.413774	-7.070215
-0.284531	1.603746
3.444143	6.874231
-7.286613	-1.572303
4.136047	-6.691990
-0.235813	1.542222
3.070154	6.521769
-6.728634	-1.513688
3.902622	-6.362449
-0.192387	1.486419
2.745734	6.212866
-6.249646	-1.460398
3.703917	-6.072130
-0.153331	1.435258
2.461682	5.938981
-5.833579	-1.411357
3.532794	-5.813104
-0.118398	1.388448
2.210392	5.693635
-5.468907	-1.366379
3.383822	-5.580207
-0.087099	1.345411
1.986776	5.471964
-5.146346	-1.325121
3.253266	-5.368855
-0.058681	1.305655
1.786153	5.270285
-4.858792	-1.286901
3.137583	-5.175775
-0.033153	1.268487
1.605630	5.085938
-4.601593	-1.251585
3.035267	-4.999057
-0.010004	1.234865
1.441543	4.915663
-4.368922	-1.218766
2.943296	-4.835474
0.010868	1.203268
1.292270	4.758262
-4.158089	-1.188296
2.860578	-4.683821
0.029836	1.173822
1.155868	4.611990
-3.965960	-1.159872
2.785781	-4.542589
0.047129	1.146397
1.030504	4.475659
-3.790228	-1.133696
2.718166	-4.410281
0.062239	1.120736
0.915582	4.347507
-3.628774	-1.108543
2.656131	-4.286613
0.076485	1.096738
0.809079	4.227481
-3.479935	-1.085227
2.599468	-4.170258
0.089142	1.074336
0.710719	4.114366
-3.342426	-1.063564
2.547519	-4.060207
0.100874	1.053154
0.619227	4.007590
-3.214739	-1.042981
2.499614	-3.956220
0.111341	1.033276
0.534013	3.906397
-3.096085	-1.023651
2.455295	-3.857625
0.120734	1.014587
0.454525	3.810298
-2.985383	-1.005648
2.414428	-3.764193
0.129435	0.996861
0.380426	3.719043
-2.881813	-0.988407
2.376399	-3.674952
0.137078	0.980321
0.310683	3.632141
-2.785091	-0.972325
2.340791	-3.590293
0.143963	0.964153
0.245487	3.548670
-2.693737	-0.957419
2.308346	-3.509467
0.150949	0.949247
0.184766	3.469572
-2.607762	-0.942445
2.277627	-3.431396
0.156495	0.935580
0.126835	3.393929
-2.527317	-0.928513
2.248569	-3.357189
0.161349	0.922069
0.072550	3.320961
-2.451095	-0.915652
2.221662	-3.285805
0.166030	0.909358
0.021201	3.251206
-2.378982	-0.903138
2.196039	-3.217121
0.169998	0.896987
-0.027197	3.184188
-2.311037	-0.891448
2.172406	-3.151554
0.173717	0.885702
-0.073166	3.119507
-2.246173	-0.880130
2.149828	-3.088043
0.176854	0.874788
-0.116790	3.057264
-2.184729	-0.869506
2.128547	-3.027054
0.179812	0.864274
-0.158071	2.997317
-2.126170	-0.859274
2.108317	-2.968199
0.182877	0.854393
-0.198163	2.940235
-2.070553	-0.851163
2.090659	-2.909956
0.182885	0.844814
-0.233996	2.882814
-2.017380	-0.840250
2.071966	-2.855708
0.185343	0.835808
-0.269689	2.828959
-1.966753	-0.831278
2.054772	-2.802658
0.186778	0.827124
-0.303364	2.776542
-1.918347	-0.822967
2.038692	-2.751051
0.188211	0.818810
-0.335562	2.725965
-1.872058	-0.814678
2.023143	-2.701019
0.189044	0.810858
-0.366352	2.676697
-1.827673	-0.806942
2.008559	-2.652645
0.189724	0.803237
-0.395717	2.628941
-1.785206	-0.799504
1.994689	-2.605646
0.190193	0.795942
-0.423746	2.582653
-1.744472	-0.792414
1.981433	-2.560004
0.190519	0.788857
-0.450512	2.537691
-1.705192	-0.785541
1.968787	-2.515524
0.190680	0.782268
-0.476309	2.494017
-1.667591	-0.778924
1.956552	-2.472524
0.190558	0.775870
-0.500982	2.451384
-1.631437	-0.772473
1.945029	-2.430735
0.190267	0.769714
-0.524440	2.409818
-1.596647	-0.766277
1.934153	-2.390024
0.189628	0.763844
-0.546795	2.369482
-1.563295	-0.760530
1.923745	-2.350101
0.188970	0.757992
-0.568429	2.330316
-1.530952	-0.754997
1.913552	-2.311074
0.188228	0.752137
-0.589130	2.292300
-1.499969	-0.749713
1.904000	-2.273379
0.187495	0.746964
-0.609283	2.254900
-1.469686	-0.744456
1.894622	-2.236440
0.186535	0.741906
-0.628598	2.218380
-1.440611	-0.739420
1.885731	-2.200530
0.185430	0.736968
-0.646984	2.182728
-1.412496	-0.734529
1.877309	-2.165250
0.183952	0.732268
-0.664546	2.147765
-1.385412	-0.729349
1.868589	-2.131398
0.183381	0.727558
-0.682120	2.114246
-1.358995	-0.725421
1.861039	-2.097499
0.181864	0.723231
-0.698657	2.081094
-1.333576	-0.720938
1.853351	-2.064792
0.180212	0.718937
-0.714433	2.048416
-1.308894	-0.716940
1.846329	-2.032699
0.178952	0.714901
-0.729575	2.017036
-1.285140	-0.712418
1.838957	-2.001014
0.176952	0.710751
-0.744435	1.985742
-1.261848	-0.708555
1.832136	-1.970003
0.174970	0.706989
-0.759096	1.955111
-1.239416	-0.705201
1.825758	-1.940225
0.173499	0.703182
-0.772717	1.925339
-1.217480	-0.701377
1.819486	-1.910638
0.171609	0.699692
-0.786058	1.896101
-1.196318	-0.697849
1.813493	-1.881759
0.169666	0.696202
-0.798907	1.867503
-1.175762	-0.694429
1.807714	-1.853318
0.167725	0.692842
-0.811402	1.839560
-1.155864	-0.691164
1.801890	-1.825537
0.165708	0.689358
-0.823453	1.811931
-1.136153	-0.687994
1.796475	-1.798273
0.163713	0.686318
-0.835078	1.784960
-1.117221	-0.684851
1.791076	-1.771434
0.161616	0.683225
-0.846446	1.758286
-1.098626	-0.681828
1.785920	-1.745105
0.159508	0.680083
-0.857114	1.732425
-1.080964	-0.678816
1.781184	-1.719462
0.157231	0.677445
-0.867801	1.706689
-1.063403	-0.676022
1.776433	-1.694103
0.155004	0.674619
-0.877989	1.681550
-1.046304	-0.673257
1.771822	-1.669112
0.152686	0.671926
-0.887937	1.656842
-1.029678	-0.670610
1.767362	-1.644613
0.150288	0.669268
-0.897403	1.632394
-1.013402	-0.667743
1.762827	-1.620740
0.148281	0.666763
-0.906972	1.608745
-0.997597	-0.665462
1.758752	-1.596957
0.145775	0.664264
-0.915984	1.585167
-0.982096	-0.662989
1.754763	-1.573716
0.143277	0.661957
-0.924632	1.562086
-0.967122	-0.660641
1.750802	-1.550678
0.140762	0.659540
-0.933202	1.539239
-0.952363	-0.658491
1.747096	-1.528149
0.138373	0.657287
-0.941457	1.516918
-0.937974	-0.656314
1.743450	-1.506031
0.136054	0.655016
-0.949317	1.494985
-0.923818	-0.653917
1.739772	-1.483942
0.133391	0.652973
-0.957257	1.473212
-0.910132	-0.651933
1.736300	-1.462576
0.130954	0.650741
-0.964576	1.451724
-0.896390	-0.649752
1.733123	-1.440974
0.128257	0.649176
-0.972266	1.430880
-0.883560	-0.647894
1.729813	-1.420258
0.125772	0.647191
-0.979460	1.410369
-0.871003	-0.645855
1.726244	-1.399838
0.123072	0.644777
-0.986256	1.389539
-0.858010	-0.644075
1.723361	-1.379477
0.120537	0.643129
-0.992937	1.369517
-0.845733	-0.642177
1.720179	-1.359314
0.117864	0.641224
-0.999627	1.349414
-0.833407	-0.640467
1.717170	-1.339457
0.115325	0.639172
-1.005645	1.330110
-0.822002	-0.638589
1.714592	-1.320204
0.112542	0.637840
-1.012066	1.310492
-0.810308	-0.636975
1.711862	-1.300991
0.109893	0.636113
-1.018012	1.291394
-0.798859	-0.635297
1.709179	-1.281858
0.107143	0.634508
-1.023985	1.272556
-0.787707	-0.633763
1.706507	-1.263137
0.104442	0.632849
-1.029610	1.253760
-0.776604	-0.631940
1.703776	-1.244802
0.102036	0.631469
-1.035440	1.235496
-0.765926	-0.630491
1.701360	-1.226576
0.099145	0.630008
-1.040759	1.217107
-0.755387	-0.628916
1.699178	-1.208631
0.096233	0.628719
-1.045791	1.199232
-0.745318	-0.627472
1.696885	-1.190642
0.093260	0.627124
-1.050910	1.181477
-0.735190	-0.626334
1.694785	-1.172972
0.090617	0.625587
-1.055884	1.164142
-0.725184	-0.625011
1.692466	-1.155411
0.087939	0.624200
-1.060838	1.146884
-0.715297	-0.623663
1.690199	-1.138218
0.085218	0.622909
-1.065610	1.129702
-0.705624	-0.622255
1.688091	-1.121201
0.082348	0.621751
-1.070280	1.112748
-0.696329	-0.621005
1.686037	-1.104522
0.079507	0.620305
-1.074606	1.095941
-0.686941	-0.619770
1.684104	-1.087709
0.076657	0.619033
-1.079011	1.079374
-0.677660	-0.618664
1.682203	-1.071102
0.073917	0.617940
-1.083469	1.063102
-0.668602	-0.617412
1.680176	-1.054907
0.071031	0.616848
-1.087618	1.046773
-0.659693	-0.616310
1.678257	-1.038661
0.068224	0.615723
-1.091892	1.030522
-0.650355	-0.615150
1.675679	-1.021890
0.065348	0.612994
-1.094462	1.016031
-0.643886	-0.614074
1.675306	-1.007436
0.062486	0.613509
-1.099170	0.999507
-0.634782	-0.613027
1.673395	-0.991614
0.059652	0.612464
-1.103023	0.983833
-0.626352	-0.611946
1.671696	-0.976092
0.056733	0.611493
-1.106713	0.968348
-0.618215	-0.610920
1.670123	-0.960745
0.053717	0.610465
-1.110126	0.952967
-0.610184	-0.609751
1.668417	-0.945655
0.051076	0.609461
-1.113829	0.938120
-0.602301	-0.609058
1.666918	-0.930446
0.048120	0.608397
-1.117290	0.923107
-0.594370	-0.608142
1.665412	-0.915569
0.045246	0.607581
-1.120593	0.908305
-0.586770	-0.607181
1.663802	-0.900737
0.042264	0.606638
-1.123977	0.893394
-0.579228	-0.606419
1.662474	-0.886297
0.039481	0.605707
-1.126947	0.878771
-0.571653	-0.605510
1.661257	-0.871750
0.036653	0.604936
-1.129961	0.864469
-0.564364	-0.604506
1.659824	-0.857240
0.033627	0.604128
-1.133037	0.850121
-0.557173	-0.603706
1.658498	-0.843010
0.030694	0.603312
-1.135963	0.835908
-0.550094	-0.602887
1.657201	-0.828900
0.027735	0.602460
-1.138745	0.821776
-0.543052	-0.602136
1.655972	-0.814864
0.024758	0.601618
-1.141492	0.807811
-0.536024	-0.601382
1.654847	-0.800833
0.021866	0.600921
-1.144325	0.794073
-0.529188	-0.600560
1.653564	-0.787157
0.018817	0.600229
-1.146851	0.780275
-0.522520	-0.599940
1.652451	-0.773405
0.015960	0.599497
-1.149414	0.766692
-0.516089	-0.599147
1.651581	-0.760097
0.012954	0.599349
-1.152411	0.752634
-0.508828	-0.598464
1.650048	-0.746154
0.009988	0.598104
-1.154559	0.739480
-0.502566	-0.597763
1.649040	-0.732791
0.006985	0.597440
-1.156942	0.726149
-0.496212	-0.597109
1.648025	-0.719527
0.003982	0.596781
-1.159222	0.712874
-0.489900	-0.596440
1.647075	-0.706281
0.000839	0.596159
-1.161331	0.699584
-0.483694	-0.595526
1.645851	-0.693413
-0.001797	0.595487
-1.163784	0.686789
-0.477507	-0.595241
1.645043	-0.680194
-0.004891	0.594852
-1.165969	0.673817
-0.471345	-0.594612
1.644076	-0.667306
-0.007952	0.594303
-1.168004	0.660875
-0.465330	-0.594093
1.643169	-0.654399
-0.010891	0.593731
-1.170054	0.648060
-0.459318	-0.593418
1.642329	-0.641544
-0.013955	0.593315
-1.172170	0.635406
-0.453635	-0.592834
1.641323	-0.628926
-0.017060	0.592642
-1.174101	0.622631
-0.447788	-0.592401
1.640520	-0.616379
-0.020035	0.592070
-1.175936	0.610065
-0.441988	-0.591810
1.639693	-0.603773
-0.023140	0.591633
-1.177871	0.597576
-0.436435	-0.591333
1.638819	-0.591456
-0.026240	0.590943
-1.179571	0.584999
-0.430705	-0.590932
1.638227	-0.579067
-0.029158	0.590410
-1.181157	0.572717
-0.424999	-0.590399
1.637536	-0.566543
-0.032204	0.590036
-1.183070	0.560611
-0.419491	-0.589816
1.636644	-0.554480
-0.035438	0.589653
-1.184551	0.548331
-0.414137	-0.589534
1.635947	-0.542161
-0.038350	0.589168
-1.186225	0.536206
-0.408847	-0.588970
1.635345	-0.530195
-0.041486	0.589011
-1.188040	0.523821
-0.403200	-0.588537
1.634496	-0.517949
-0.044581	0.588316
-1.189378	0.511932
-0.398045	-0.588084
1.633880	-0.505936
-0.047743	0.587902
-1.190861	0.499964
-0.392862	-0.587695
1.633275	-0.494004
-0.050899	0.587476
-1.192225	0.488007
-0.387680	-0.587272
1.632771	-0.482013
-0.054379	0.587105
-1.193219	0.475760
-0.382605	-0.586077
1.631482	-0.470885
-0.056480	0.586672
-1.195246	0.464661
-0.377510	-0.586537
1.631333	-0.458662
-0.059921	0.586276
-1.196539	0.452868
-0.372440	-0.586130
1.630755	-0.446977
-0.063184	0.585964
-1.197716	0.441118
-0.367486	-0.585844
1.630238	-0.435221
-0.066256	0.585606
-1.198959	0.429443
-0.362521	-0.585430
1.629742	-0.423542
-0.069467	0.585393
-1.200255	0.417911
-0.357797	-0.585112
1.629165	-0.412085
-0.072639	0.584929
-1.201356	0.406316
-0.352913	-0.584771
1.628679	-0.400514
-0.075800	0.584623
-1.202494	0.394791
-0.348116	-0.584468
1.628200	-0.389095
-0.078964	0.584308
-1.203526	0.383293
-0.343359	-0.584113
1.627825	-0.377628
-0.082169	0.584096
-1.204494	0.372013
-0.338764	-0.583721
1.627304	-0.366100
-0.085602	0.583701
-1.205641	0.360656
-0.334125	-0.583656
1.626894	-0.354733
-0.088660	0.583156
-1.206887	0.349421
-0.329095	-0.583231
1.626375	-0.343878
-0.092167	0.583307
-1.207303	0.338181
-0.324823	-0.583388
1.625819	-0.332137
-0.094986	0.582857
-1.208536	0.326826
-0.320217	-0.582934
1.625496	-0.321163
-0.098181	0.582929
-1.209607	0.315302
-0.315491	-0.582545
1.625023	-0.309883
-0.101508	0.582535
-1.210274	0.304197
-0.311201	-0.582303
1.624763	-0.298728
-0.104810	0.582251
-1.211056	0.293135
-0.306801	-0.582134
1.624393	-0.287561
-0.107996	0.581973
-1.211918	0.282107
-0.302356	-0.581935
1.623922	-0.276559
-0.110899	0.581770
-1.213118	0.271408
-0.297971	-0.582499
1.624300	-0.264840
-0.115254	0.581591
-1.213122	0.259634
-0.293666	-0.581462
1.623636	-0.254205
-0.118253	0.581351
-1.213930	0.248740
-0.289326	-0.581255
1.623307	-0.243283
-0.121591	0.581193
-1.214501	0.237807
-0.285082	-0.581207
1.622971	-0.232147
-0.124750	0.580949
-1.215232	0.226792
-0.280653	-0.580962
1.622787	-0.221104
-0.128032	0.581106
-1.216103	0.215970
-0.276835	-0.580714
1.622324	-0.210451
-0.131418	0.580744
-1.216444	0.204858
-0.272627	-0.580555
1.622183	-0.199488
-0.134848	0.580560
-1.216909	0.193988
-0.268507	-0.580497
1.621954	-0.188500
-0.138187	0.580350
-1.217427	0.183171
-0.264293	-0.580424
1.621653	-0.177604
-0.141443	0.580248
-1.217946	0.172331
-0.260129	-0.580122
1.621258	-0.166752
-0.144959	0.580278
-1.218458	0.161246
-0.256119	-0.580002
1.621150	-0.156137
-0.148504	0.580361
-1.218500	0.150321
-0.252479	-0.580076
1.621156	-0.144853
-0.151650	0.579806
-1.219406	0.139543
-0.248183	-0.579563
1.621139	-0.134523
-0.155499	0.579860
-1.219444	0.128898
-0.244402	-0.579651
1.621124	-0.123710
-0.158985	0.579880
-1.219958	0.118038
-0.240141	-0.579657
1.620739	-0.112676
-0.162401	0.579537
-1.220223	0.107389
-0.236249	-0.579572
1.620582	-0.101946
-0.165843	0.579491
-1.220514	0.096590
-0.232365	-0.579458
1.620462	-0.091237
-0.169352	0.579463
-1.220738	0.085816
-0.228548	-0.579380
1.620361	-0.080524
-0.172804	0.579401
-1.221056	0.075236
-0.224745	-0.579653
1.620544	-0.069487
-0.176752	0.579309
-1.220986	0.064300
-0.220910	-0.579360
1.620290	-0.058855
-0.180154	0.579206
-1.221282	0.053652
-0.216972	-0.579266
1.620147	-0.048317
-0.183829	0.579323
-1.221240	0.042947
-0.213311	-0.579384
1.620021	-0.037466
-0.187307	0.579236
-1.221483	0.032224
-0.209625	-0.579299
1.619822	-0.026942
-0.190931	0.578994
-1.221313	0.021250
-0.205531	-0.579239
1.620069	-0.016051
-0.194612	0.579257
-1.221473	0.010668
-0.201969	-0.579215
1.620054	-0.005359
-0.198306	0.579238
-1.221483	-0.000000
-0.198306	-0.579238
1.620054	0.005359
-0.201969	0.579215
-1.221473	-0.010668
-0.194612	-0.579257
1.620069	0.016051
-0.205531	0.579239
-1.221313	-0.021250
-0.190931	-0.578994
1.619822	0.026942
-0.209625	0.579299
-1.221483	-0.032224
-0.187307	-0.579236
1.620021	0.037466
-0.213311	0.579385
-1.221240	-0.042947
-0.183829	-0.579323
1.620147	0.048317
-0.216972	0.579266
-1.221282	-0.053652
-0.180154	-0.579206
1.620290	0.058855
-0.220910	0.579360
-1.220986	-0.064300
-0.176752	-0.579309
1.620544	0.069487
-0.224745	0.579653
-1.221056	-0.075236
-0.172804	-0.579401
1.620361	0.080524
-0.228548	0.579380
-1.220738	-0.085816
-0.169352	-0.579463
1.620462	0.091237
-0.232365	0.579458
-1.220514	-0.096590
-0.165843	-0.579491
1.620582	0.101946
-0.236249	0.579572
-1.220223	-0.107389
-0.162401	-0.579537
1.620739	0.112676
-0.240141	0.579657
-1.219958	-0.118038
-0.158985	-0.579880
1.621124	0.123710
-0.244402	0.579651
-1.219444	-0.128898
-0.155499	-0.579860
1.621139	0.134522
-0.248183	0.579563
-1.219406	-0.139543
-0.151650	-0.579806
1.621156	0.144853
-0.252479	0.580076
-1.218500	-0.150321
-0.148504	-0.580361
1.621150	0.156137
-0.256119	0.580002
-1.218459	-0.161246
-0.144959	-0.580278
1.621258	0.166752
-0.260129	0.580122
-1.217946	-0.172331
-0.141443	-0.580248
1.621653	0.177604
-0.264293	0.580424
-1.217427	-0.183171
-0.138187	-0.580350
1.621954	0.188500
-0.268507	0.580497
-1.216909	-0.193988
-0.134848	-0.580560
1.622183	0.199488
-0.272627	0.580556
-1.216444	-0.204858
-0.131418	-0.580744
1.622324	0.210451
-0.276835	0.580714
-1.216103	-0.215970
-0.128032	-0.581106
1.622787	0.221104
-0.280653	0.580962
-1.215232	-0.226792
-0.124750	-0.580949
1.622971	0.232147
-0.285082	0.581207
-1.214501	-0.237807
-0.121591	-0.581193
1.623307	0.243283
-0.289326	0.581255
-1.213930	-0.248740
-0.118253	-0.581351
1.623636	0.254205
-0.293666	0.581462
-1.213122	-0.259634
-0.115254	-0.581591
1.624300	0.264840
-0.297971	0.582499
-1.213117	-0.271408
-0.110899	-0.581770
1.623922	0.276559
-0.302356	0.581935
-1.211918	-0.282107
-0.107996	-0.581973
1.624393	0.287561
-0.306801	0.582134
-1.211056	-0.293135
-0.104810	-0.582251
1.624763	0.298728
-0.311201	0.582303
-1.210274	-0.304197
-0.101508	-0.582535
1.625023	0.309883
-0.315491	0.582545
-1.209607	-0.315302
-0.098181	-0.582929
1.625496	0.321163
-0.320217	0.582934
-1.208536	-0.326826
-0.094986	-0.582857
1.625819	0.332137
-0.324823	0.583388
-1.207303	-0.338181
-0.092167	-0.583308
1.626375	0.343878
-0.329095	0.583231
-1.206887	-0.349421
-0.088660	-0.583156
1.626894	0.354733
-0.334125	0.583656
-1.205641	-0.360656
-0.085602	-0.583701
1.627304	0.366100
-0.338764	0.583721
-1.204494	-0.372013
-0.082169	-0.584096
1.627825	0.377628
-0.343359	0.584113
-1.203526	-0.383293
-0.078964	-0.584308
1.628200	0.389095
-0.348116	0.584468
-1.202494	-0.394791
-0.075800	-0.584623
1.628679	0.400514
-0.352913	0.584772
-1.201356	-0.406316
-0.072639	-0.584929
1.629166	0.412084
-0.357797	0.585112
-1.200255	-0.417911
-0.069467	-0.585393
1.629742	0.423542
-0.362521	0.585430
-1.198959	-0.429443
-0.066256	-0.585606
1.630238	0.435221
-0.367486	0.585844
-1.197716	-0.441118
-0.063184	-0.585964
1.630755	0.446977
-0.372440	0.586130
-1.196539	-0.452868
-0.059921	-0.586276
1.631333	0.458662
-0.377510	0.586537
-1.195246	-0.464661
-0.056480	-0.586672
1.631482	0.470885
-0.382605	0.586077
-1.193219	-0.475760
-0.054379	-0.587105
1.632771	0.482013
-0.387680	0.587273
-1.192225	-0.488007
-0.050899	-0.587476
1.633275	0.494004
-0.392862	0.587695
-1.190861	-0.499964
-0.047743	-0.587902
1.633880	0.505936
-0.398045	0.588084
-1.189378	-0.511932
-0.044581	-0.588316
1.634496	0.517949
-0.403200	0.588537
-1.188040	-0.523821
-0.041486	-0.589011
1.635345	0.530195
-0.408847	0.588970
-1.186225	-0.536206
-0.038350	-0.589168
1.635947	0.542161
-0.414137	0.589534
-1.184551	-0.548331
-0.035438	-0.589653
1.636644	0.554480
-0.419491	0.589816
-1.183069	-0.560611
-0.032204	-0.590036
1.637536	0.566543
-0.424999	0.590399
-1.181157	-0.572717
-0.029158	-0.590410
1.638227	0.579067
-0.430705	0.590932
-1.179571	-0.584999
-0.026240	-0.590943
1.638820	0.591456
-0.436435	0.591333
-1.177871	-0.597576
-0.023140	-0.591633
1.639693	0.603773
-0.441988	0.591810
-1.175936	-0.610065
-0.020035	-0.592070
1.640520	0.616379
-0.447788	0.592401
-1.174101	-0.622631
-0.017060	-0.592642
1.641323	0.628926
-0.453635	0.592834
-1.172170	-0.635406
-0.013955	-0.593315
1.642329	0.641544
-0.459318	0.593418
-1.170054	-0.648060
-0.010891	-0.593731
1.643169	0.654399
-0.465330	0.594093
-1.168004	-0.660875
-0.007952	-0.594303
1.644076	0.667306
-0.471345	0.594612
-1.165969	-0.673817
-0.004891	-0.594852
1.645043	0.680194
-0.477507	0.595241
-1.163784	-0.686789
-0.001797	-0.595487
1.645851	0.693413
-0.483694	0.595526
-1.161331	-0.699584
0.000839	-0.596159
1.647076	0.706281
-0.489900	0.596440
-1.159222	-0.712874
0.003982	-0.596781
1.648023	0.719527
-0.496212	0.597109
-1.156942	-0.726149
0.006985	-0.597440
1.649040	0.732791
-0.502566	0.597763
-1.154559	-0.739480
0.009988	-0.598104
1.650048	0.746154
-0.508828	0.598464
-1.152411	-0.752634
0.012954	-0.599349
1.651581	0.760097
-0.516089	0.599147
-1.149414	-0.766692
0.015960	-0.599497
1.652451	0.773405
-0.522520	0.599940
-1.146851	-0.780275
0.018817	-0.600229
1.653564	0.787157
-0.529188	0.600560
-1.144325	-0.794073
0.021866	-0.600921
1.654847	0.800833
-0.536024	0.601382
-1.141492	-0.807811
0.024758	-0.601618
1.655972	0.814864
-0.543052	0.602136
-1.138745	-0.821776
0.027735	-0.602460
1.657201	0.828900
-0.550094	0.602887
-1.135963	-0.835908
0.030694	-0.603312
1.658498	0.843010
-0.557173	0.603706
-1.133037	-0.850121
0.033627	-0.604128
1.659824	0.857240
-0.564364	0.604506
-1.129961	-0.864469
0.036653	-0.604936
1.661257	0.871750
-0.571653	0.605510
-1.126947	-0.878771
0.039481	-0.605707
1.662474	0.886297
-0.579228	0.606419
-1.123975	-0.893394
0.042264	-0.606638
1.663802	0.900737
-0.586770	0.607181
-1.120593	-0.908305
0.045246	-0.607581
1.665412	0.915569
-0.594370	0.608142
-1.117290	-0.923107
0.048120	-0.608397
1.666918	0.930446
-0.602301	0.609058
-1.113829	-0.938120
0.051076	-0.609461
1.668417	0.945655
-0.610184	0.609751
-1.110126	-0.952967
0.053717	-0.610465
1.670123	0.960745
-0.618215	0.610920
-1.106713	-0.968348
0.056733	-0.611493
1.671696	0.976092
-0.626352	0.611946
-1.103023	-0.983833
0.059652	-0.612464
1.673394	0.991614
-0.634782	0.613027
-1.099170	-0.999507
0.062486	-0.613509
1.675305	1.007436
-0.643886	0.614074
-1.094462	-1.016031
0.065348	-0.612994
1.675679	1.021890
-0.650355	0.615150
-1.091892	-1.030522
0.068224	-0.615723
1.678257	1.038661
-0.659693	0.616310
-1.087617	-1.046773
0.071031	-0.616848
1.680176	1.054907
-0.668602	0.617412
-1.083469	-1.063102
0.073917	-0.617941
1.682203	1.071102
-0.677660	0.618664
-1.079011	-1.079374
0.076657	-0.619033
1.684104	1.087709
-0.686941	0.619770
-1.074606	-1.095941
0.079507	-0.620305
1.686037	1.104522
-0.696329	0.621005
-1.070280	-1.112748
0.082348	-0.621751
1.688091	1.121202
-0.705624	0.622255
-1.065610	-1.129702
0.085218	-0.622909
1.690199	1.138218
-0.715297	0.623663
-1.060838	-1.146884
0.087939	-0.624200
1.692466	1.155411
-0.725184	0.625011
-1.055884	-1.164142
0.090617	-0.625587
1.694785	1.172972
-0.735190	0.626334
-1.050910	-1.181477
0.093260	-0.627124
1.696885	1.190642
-0.745318	0.627471
-1.045791	-1.199232
0.096233	-0.628719
1.699178	1.208631
-0.755387	0.628916
-1.040759	-1.217107
0.099145	-0.630008
1.701360	1.226576
-0.765926	0.630491
-1.035440	-1.235496
0.102036	-0.631469
1.703776	1.244802
-0.776604	0.631940
-1.029610	-1.253760
0.104442	-0.632849
1.706506	1.263137
-0.787707	0.633763
-1.023985	-1.272556
0.107143	-0.634508
1.709179	1.281858
-0.798859	0.635297
-1.018012	-1.291394
0.109893	-0.636113
1.711862	1.300991
-0.810308	0.636975
-1.012065	-1.310492
0.112542	-0.637840
1.714592	1.320204
-0.822002	0.638589
-1.005645	-1.330110
0.115325	-0.639172
1.717170	1.339457
-0.833407	0.640467
-0.999627	-1.349414
0.117864	-0.641224
1.720179	1.359313
-0.845733	0.642177
-0.992937	-1.369517
0.120537	-0.643129
1.723361	1.379477
-0.858010	0.644075
-0.986256	-1.389539
0.123072	-0.644777
1.726244	1.399838
-0.871003	0.645855
-0.979459	-1.410369
0.125772	-0.647191
1.729813	1.420258
-0.883560	0.647894
-0.972266	-1.430880
0.128257	-0.649176
1.733123	1.440974
-0.896390	0.649752
-0.964576	-1.451724
0.130954	-0.650741
1.736300	1.462575
-0.910132	0.651933
-0.957257	-1.473212
0.133391	-0.652973
1.739771	1.483942
-0.923818	0.653917
-0.949317	-1.494985
0.136054	-0.655016
1.743450	1.506031
-0.937974	0.656314
-0.941457	-1.516918
0.138373	-0.657287
1.747096	1.528149
-0.952363	0.658491
-0.933202	-1.539239
0.140762	-0.659540
1.750802	1.550678
-0.967122	0.660641
-0.924632	-1.562086
0.143277	-0.661957
1.754763	1.573716
-0.982096	0.662989
-0.915984	-1.585167
0.145775	-0.664264
1.758752	1.596957
-0.997597	0.665462
-0.906972	-1.608745
0.148281	-0.666763
1.762827	1.620740
-1.013402	0.667743
-0.897403	-1.632394
0.150288	-0.669268
1.767362	1.644613
-1.029678	0.670610
-0.887937	-1.656842
0.152686	-0.671926
1.771822	1.669112
-1.046304	0.673257
-0.877989	-1.681550
0.155004	-0.674619
1.776433	1.694103
-1.063403	0.676022
-0.867801	-1.706689
0.157231	-0.677445
1.781184	1.719462
-1.080964	0.678817
-0.857114	-1.732425
0.159508	-0.680083
1.785920	1.745105
-1.098626	0.681828
-0.846446	-1.758286
0.161616	-0.683225
1.791076	1.771434
-1.117221	0.684851
-0.835078	-1.784960
0.163713	-0.686318
1.796475	1.798273
-1.136153	0.687994
-0.823453	-1.811931
0.165708	-0.689358
1.801890	1.825537
-1.155864	0.691164
-0.811402	-1.839560
0.167725	-0.692842
1.807714	1.853318
-1.175762	0.694429
-0.798907	-1.867503
0.169666	-0.696202
1.813493	1.881759
-1.196318	0.697849
-0.786057	-1.896101
0.171609	-0.699692
1.819486	1.910638
-1.217480	0.701377
-0.772717	-1.925339
0.173499	-0.703182
1.825758	1.940225
-1.239416	0.705201
-0.759096	-1.955111
0.174970	-0.706989
1.832136	1.970002
-1.261848	0.708555
-0.744435	-1.985742
0.176952	-0.710751
1.838957	2.001014
-1.285140	0.712418
-0.729575	-2.017036
0.178952	-0.714901
1.846329	2.032699
-1.308894	0.716940
-0.714433	-2.048416
0.180212	-0.718937
1.853351	2.064792
-1.333576	0.720938
-0.698657	-2.081094
0.181864	-0.723232
1.861039	2.097499
-1.358995	0.725421
-0.682120	-2.114246
0.183381	-0.727558
1.868589	2.131398
-1.385412	0.729349
-0.664546	-2.147765
0.183952	-0.732268
1.877309	2.165250
-1.412496	0.734529
-0.646984	-2.182728
0.185430	-0.736968
1.885731	2.200530
-1.440611	0.739420
-0.628598	-2.218380
0.186535	-0.741906
1.894622	2.236440
-1.469686	0.744456
-0.609283	-2.254900
0.187495	-0.746964
1.904000	2.273379
-1.499969	0.749713
-0.589130	-2.292300
0.188228	-0.752137
1.913552	2.311073
-1.530952	0.754997
-0.568429	-2.330316
0.188970	-0.757992
1.923745	2.350101
-1.563295	0.760529
-0.546795	-2.369482
0.189628	-0.763844
1.934153	2.390024
-1.596647	0.766277
-0.524441	-2.409818
0.190267	-0.769714
1.945029	2.430735
-1.631437	0.772473
-0.500982	-2.451384
0.190558	-0.775870
1.956552	2.472524
-1.667591	0.778924
-0.476309	-2.494017
0.190680	-0.782268
1.968787	2.515524
-1.705192	0.785541
-0.450512	-2.537691
0.190519	-0.788857
1.981433	2.560004
-1.744472	0.792414
-0.423746	-2.582653
0.190193	-0.795942
1.994689	2.605646
-1.785206	0.799504
-0.395717	-2.628941
0.189724	-0.803237
2.008559	2.652645
-1.827673	0.806942
-0.366352	-2.676697
0.189044	-0.810858
2.023143	2.701019
-1.872058	0.814678
-0.335562	-2.725965
0.188211	-0.818810
2.038692	2.751051
-1.918347	0.822967
-0.303364	-2.776542
0.186778	-0.827124
2.054772	2.802658
-1.966753	0.831278
-0.269689	-2.828959
0.185343	-0.835808
2.071966	2.855708
-2.017380	0.840250
-0.233993	-2.882814
0.182885	-0.844815
2.090659	2.909956
-2.070553	0.851163
-0.198163	-2.940235
0.182877	-0.854393
2.108316	2.968199
-2.126170	0.859274
-0.158071	-2.997317
0.179812	-0.864274
2.128548	3.027054
-2.184729	0.869506
-0.116790	-3.057264
0.176854	-0.874788
2.149828	3.088043
-2.246173	0.880129
-0.073166	-3.119507
0.173717	-0.885702
2.172406	3.151554
-2.311037	0.891448
-0.027198	-3.184188
0.169998	-0.896987
2.196039	3.217121
-2.378982	0.903138
0.021201	-3.251206
0.166030	-0.909358
2.221662	3.285805
-2.451095	0.915652
0.072550	-3.320961
0.161349	-0.922069
2.248569	3.357189
-2.527317	0.928513
0.126836	-3.393929
0.156495	-0.935580
2.277627	3.431396
-2.607762	0.942445
0.184766	-3.469572
0.150949	-0.949247
2.308346	3.509467
-2.693737	0.957419
0.245487	-3.548670
0.143963	-0.964153
2.340791	3.590293
-2.785091	0.972325
0.310683	-3.632141
0.137078	-0.980322
2.376399	3.674952
-2.881813	0.988407
0.380426	-3.719043
0.129435	-0.996861
2.414428	3.764194
-2.985383	1.005648
0.454525	-3.810298
0.120734	-1.014587
2.455295	3.857624
-3.096085	1.023651
0.534013	-3.906397
0.111341	-1.033276
2.499614	3.956220
-3.214739	1.042981
0.619227	-4.007590
0.100874	-1.053154
2.547519	4.060207
-3.342426	1.063564
0.710719	-4.114366
0.089142	-1.074336
2.599468	4.170258
-3.479935	1.085227
0.809079	-4.227481
0.076485	-1.096738
2.656131	4.286613
-3.628774	1.108543
0.915582	-4.347507
0.062239	-1.120736
2.718166	4.410282
-3.790228	1.133696
1.030504	-4.475659
0.047129	-1.146397
2.785781	4.542589
-3.965960	1.159872
1.155868	-4.611990
0.029836	-1.173822
2.860578	4.683821
-4.158089	1.188296
1.292270	-4.758262
0.010868	-1.203267
2.943296	4.835474
-4.368922	1.218766
1.441543	-4.915663
-0.010004	-1.234865
3.035267	4.999057
-4.601593	1.251584
1.605630	-5.085938
-0.033153	-1.268487
3.137583	5.175775
-4.858792	1.286901
1.786154	-5.270285
-0.058681	-1.305655
3.253266	5.368855
-5.146346	1.325121
1.986775	-5.471964
-0.087099	-1.345411
3.383822	5.580207
-5.468907	1.366379
2.210392	-5.693635
-0.118398	-1.388448
3.532794	5.813104
-5.833579	1.411357
2.461682	-5.938981
-0.153331	-1.435258
3.703917	6.072130
-6.249646	1.460398
2.745734	-6.212866
-0.192387	-1.486419
3.902622	6.362449
-6.728634	1.513688
3.070154	-6.521769
-0.235813	-1.542222
4.136047	6.691990
-7.286613	1.572303
3.444143	-6.874231
-0.284531	-1.603746
4.413774	7.070215
-7.945194	1.636574
3.881074	-7.282092
-0.338945	-1.671313
4.749712	7.511925
-8.735367	1.708180
4.398728	-7.761654
-0.400826	-1.745789
5.162817	8.036980
-9.703071	1.787137
5.023422	-8.339053
-0.470834	-1.829538
5.684568	8.675398
-10.915574	1.874751
5.797154	-9.051950
-0.549841	-1.922887
6.362932	9.477410
-12.484091	1.973280
6.783737	-9.962624
-0.640011	-2.027204
7.278869	10.523876
-14.599998	2.084548
8.097876	-11.181839
-0.743757	-2.145659
8.583385	11.966558
-17.620985	2.210983
9.956545	-12.922748
-0.863212	-2.280371
10.586547	14.117331
-22.313749	2.355050
12.840839	-15.659966
-1.002649	-2.435164
14.051891	17.739250
-30.666338	2.521358
18.075960	-20.711615
-1.166046	-2.614405
21.485546	25.340309
-49.959835	2.715092
31.203886	-33.609673
-1.359657	-2.824289
48.761608	52.795609
-145.681931	2.943114
146.263992	-148.379272
-1.591664	221.926666
-142.232025	-138.005630
140.523560	3.215408
-44.159691	42.414753
-1.873594	-3.372004
-27.648653	-23.214363
44.699524	3.545236
-16.189789	14.923230
-2.221643	-3.737821
-14.924534	-10.265289
25.192293	3.952745
-7.894996	7.256330
-2.660221	-4.194561
-10.036056	-5.132388
16.490503	4.468216
-3.333263	3.537159
-3.227228	-4.780370
-7.452177	-2.281470
11.270686	5.139714
0.110584	1.256018
-3.985158	-5.557237
-5.856545	-0.392246
7.466809	6.048668
3.388374	-0.354171
-5.042638	-6.634753
-4.774589	1.013937
4.165336	7.345536
7.166483	-1.609039
-6.612611	-8.225154
-3.994009	2.155492
0.699467	9.341162
12.358616	-2.665492
-9.168944	-10.802655
-3.405305	3.148881
-3.882164	12.798161
21.030413	-3.613434
-14.028545	-15.683846
-2.946518	4.065995
-12.195356	20.223185
40.505646	-4.511940
-26.722115	-28.399981
-2.579591	4.956788
-40.181442	47.490158
136.295502	-5.405430
-141.273315	-142.974457
-2.280107	230.862747
150.227692	-143.513306
-149.946548	-6.333651
49.754505	48.029411
-2.031841	6.823494
35.155083	-28.940081
-54.263355	-7.338027
22.514357	20.764427
-1.823056	7.883739
22.016333	-16.226591
-35.011547	-8.468696
15.118986	13.343031
-1.646003	9.101351
16.772270	-11.349813
-26.703131	-9.793222
11.693675	9.891107
-1.494065	10.558172
13.880941	-8.778316
-22.057405	-11.413986
9.732559	7.902304
-1.362962	12.383871
12.016970	-7.195497
-19.086395	-13.498790
8.472826	6.613849
-1.249185	14.801427
10.699853	-6.127429
-17.024118	-16.351992
7.603909	5.714668
-1.149537	18.239864
9.711135	-5.361605
-15.511466	-20.599104
6.975462	5.055689
-1.062907	23.649279
8.938712	-4.788713
-14.359042	-27.767673
6.506185	4.554070
-0.986768	33.667042
8.316556	-4.346831
-13.456284	-42.873566
6.148192	4.162466
-0.920015	59.356644
7.803979	-3.997981
-12.734113	-97.667542
5.871333	3.850457
-0.861306	288.768555
7.374765	446.281647
-12.148302	284.072479
5.655962	3.598487
-0.810024	-92.967865
7.010703	-3.490423
-11.667685	54.649792
5.488261	3.392789
-0.765209	-38.156075
6.698945	-3.304276
-11.271436	28.935003
5.359452	3.224055
-0.726340	-23.017698
6.430201	-3.151345
-10.944022	18.877380
5.262567	3.085389
-0.692844	-15.801242
6.197517	-3.025659
-10.673884	13.411868
5.192719	2.971807
-0.664537	-11.490088
5.995189	-2.923009
-10.453153	9.900635
5.146285	2.879367
-0.640528	-8.554354
5.819917	-2.840257
-10.274960	7.390736
5.120734	2.805548
-0.621042	-6.367167
5.667835	-2.774479
-10.134264	5.451347
5.113717	2.747797
-0.605697	-4.620414
5.537265	-2.724699
-10.028478	3.855895
5.124465	2.705111
-0.594242	-3.143371
5.425908	-2.688797
-9.954754	2.470459
5.152354	2.676245
-0.586962	-1.828072
5.332493	-2.666701
-9.910898	1.207179
5.196075	2.660381
-0.583198	-0.600197
5.256048	-2.657246
