0.000000
0.097656
0.195312
0.292969
0.390625
0.488281
0.585938
0.683594
0.781250
0.878906
0.976562
1.074219
1.171875
1.269531
1.367188
1.464844
1.562500
1.660156
1.757812
1.855469
1.953125
2.050781
2.148438
2.246094
2.343750
2.441406
2.539062
2.636719
2.734375
2.832031
2.929688
3.027344
3.125000
3.222656
3.320312
3.417969
3.515625
3.613281
3.710938
3.808594
3.906250
4.003906
4.101562
4.199219
4.296875
4.394531
4.492188
4.589844
4.687500
4.785156
4.882812
4.980469
5.078125
5.175781
5.273438
5.371094
5.468750
5.566406
5.664062
5.761719
5.859375
5.957031
6.054688
6.152344
6.250000
6.347656
6.445312
6.542969
6.640625
6.738281
6.835938
6.933594
7.031250
7.128906
7.226562
7.324219
7.421875
7.519531
7.617188
7.714844
7.812500
7.910156
8.007812
8.105469
8.203125
8.300781
8.398438
8.496094
8.593750
8.691406
8.789062
8.886719
8.984375
9.082031
9.179688
9.277344
9.375000
9.472656
9.570312
9.667969
9.765625
9.863281
9.960938
10.058594
10.156250
10.253906
10.351562
10.449219
10.546875
10.644531
10.742188
10.839844
10.937500
11.035156
11.132812
11.230469
11.328125
11.425781
11.523438
11.621094
11.718750
11.816406
11.914062
12.011719
12.109375
12.207031
12.304688
12.402344
12.500000
12.597656
12.695312
12.792969
12.890625
12.988281
13.085938
13.183594
13.281250
13.378906
13.476562
13.574219
13.671875
13.769531
13.867188
13.964844
14.062500
14.160156
14.257812
14.355469
14.453125
14.550781
14.648438
14.746094
14.843750
14.941406
15.039062
15.136719
15.234375
15.332031
15.429688
15.527344
15.625000
15.722656
15.820312
15.917969
16.015625
16.113281
16.210938
16.308594
16.406250
16.503906
16.601562
16.699219
16.796875
16.894531
16.992188
17.089844
17.187500
17.285156
17.382812
17.480469
17.578125
17.675781
17.773438
17.871094
17.968750
18.066406
18.164062
18.261719
18.359375
18.457031
18.554688
18.652344
18.750000
18.847656
18.945312
19.042969
19.140625
19.238281
19.335938
19.433594
19.531250
19.628906
19.726562
19.824219
19.921875
20.019531
20.117188
20.214844
20.312500
20.410156
20.507812
20.605469
20.703125
20.800781
20.898438
20.996094
21.093750
21.191406
21.289062
21.386719
21.484375
21.582031
21.679688
21.777344
21.875000
21.972656
22.070312
22.167969
22.265625
22.363281
22.460938
22.558594
22.656250
22.753906
22.851562
22.949219
23.046875
23.144531
23.242188
23.339844
23.437500
23.535156
23.632812
23.730469
23.828125
23.925781
24.023438
24.121094
24.218750
24.316406
24.414062
24.511719
24.609375
24.707031
24.804688
24.902344
