0.000000
0.156434
0.309017
0.453990
0.587785
0.707107
0.809017
0.891007
0.951056
0.987688
1.000000
0.987688
0.951057
0.891007
0.809017
0.707107
0.587785
0.453990
0.309017
0.156435
-0.000000
-0.156434
-0.309017
-0.453991
-0.587785
-0.707107
-0.809017
-0.891007
-0.951057
-0.987688
-1.000000
-0.987688
-0.951057
-0.891006
-0.809017
-0.707107
-0.587785
-0.453990
-0.309017
-0.156435
0.000000
0.156434
0.309017
0.453991
0.587785
0.707107
0.809017
0.891007
0.951056
0.987688
1.000000
0.987688
0.951057
0.891007
0.809017
0.707107
0.587785
0.453991
0.309017
0.156435
-0.000000
-0.156435
-0.309017
-0.453990
-0.587785
-0.707107
-0.809017
-0.891007
-0.951057
-0.987688
-1.000000
-0.987688
-0.951056
-0.891006
-0.809017
-0.707107
-0.587785
-0.453991
-0.309017
-0.156434
0.000000
0.156435
0.309017
0.453990
0.587785
0.707107
0.809017
0.891007
0.951056
0.987688
1.000000
0.987688
0.951056
0.891006
0.809017
0.707107
0.587786
0.453990
0.309017
0.156434
0.000000
-0.156434
-0.309017
-0.453990
-0.587785
-0.707106
-0.809016
-0.891007
-0.951057
-0.987688
-1.000000
-0.987688
-0.951056
-0.891007
-0.809017
-0.707107
-0.587786
-0.453991
-0.309018
-0.156434
0.000001
0.156435
0.309017
0.453991
0.587785
0.707107
0.809017
0.891006
0.951056
0.987688
1.000000
0.987688
0.951056
0.891006
0.809017
0.707107
0.587785
0.453990
0.309017
0.156435
0.000000
-0.156434
-0.309016
-0.453990
-0.587786
-0.707107
-0.809017
-0.891007
-0.951057
-0.987688
-1.000000
-0.987688
-0.951057
-0.891007
-0.809017
-0.707107
-0.587786
-0.453990
-0.309016
-0.156434
0.000000
0.156435
0.309017
0.453990
0.587785
0.707107
0.809017
0.891006
0.951056
0.987688
1.000000
0.987688
0.951056
0.891006
0.809017
0.707107
0.587785
0.453991
0.309017
0.156435
0.000001
-0.156434
-0.309018
-0.453991
-0.587786
-0.707107
-0.809017
-0.891007
-0.951056
-0.987688
-1.000000
-0.987688
-0.951057
-0.891007
-0.809016
-0.707106
-0.587785
-0.453990
-0.309017
-0.156434
-0.000000
0.156434
0.309017
0.453990
0.587785
0.707106
0.809016
0.891006
0.951056
0.987688
1.000000
0.987689
0.951057
0.891006
0.809016
0.707106
0.587784
0.453989
0.309016
0.156434
-0.000001
-0.156435
-0.309017
-0.453991
-0.587785
-0.707107
-0.809017
-0.891006
-0.951056
-0.987688
-1.000000
-0.987688
-0.951057
-0.891007
-0.809018
-0.707108
-0.587787
-0.453992
-0.309015
-0.156433
0.000001
0.156436
0.309018
0.453991
0.587786
0.707107
0.809017
0.891007
0.951057
0.987688
1.000000
0.987688
0.951057
0.891007
0.809017
0.707107
0.587786
0.453991
0.309018
0.156436
0.000001
-0.156433
-0.309015
-0.453992
-0.587787
-0.707108
-0.809018
-0.891007
-0.951057
-0.987688
-1.000000
-0.987688
-0.951056
-0.891006
-0.809017
-0.707107
-0.587785
-0.453991
-0.309017
-0.156435
-0.000001
0.156434
0.309016
0.453989
0.587784
0.707106
0.809016
0.891006
0.951057
0.987689
1.000000
0.987688
0.951056
0.891006
0.809016
0.707106
0.587785
0.453990
0.309017
0.156434
0.000000
-0.156434
-0.309017
-0.453990
-0.587785
-0.707106
-0.809016
-0.891006
-0.951056
-0.987688
-1.000000
-0.987689
-0.951057
-0.891006
-0.809016
-0.707106
-0.587784
-0.453989
-0.309016
-0.156434
0.000001
0.156435
0.309017
0.453991
0.587785
0.707107
0.809017
0.891006
0.951056
0.987688
1.000000
0.987688
0.951057
0.891007
0.809018
0.707108
0.587787
0.453992
0.309015
0.156433
-0.000001
-0.156436
-0.309018
-0.453991
-0.587786
-0.707107
-0.809017
-0.891007
-0.951057
-0.987688
-1.000000
-0.987688
-0.951057
-0.891007
-0.809017
-0.707107
-0.587786
-0.453991
-0.309018
-0.156436
-0.000001
0.156433
0.309015
0.453992
0.587787
0.707108
0.809018
0.891007
0.951057
0.987688
1.000000
0.987688
0.951056
0.891006
0.809017
0.707107
0.587785
0.453991
0.309017
0.156435
0.000001
-0.156434
-0.309016
-0.453989
-0.587784
-0.707106
-0.809016
-0.891006
-0.951057
-0.987689
-1.000000
-0.987688
-0.951056
-0.891006
-0.809016
-0.707106
-0.587785
-0.453990
-0.309017
-0.156434
-0.000000
0.156438
0.309017
0.453993
0.587785
0.707109
0.809016
0.891008
0.951056
0.987689
1.000000
0.987688
0.951057
0.891006
0.809018
0.707106
0.587787
0.453989
0.309020
0.156434
0.000003
-0.156435
-0.309014
-0.453991
-0.587782
-0.707107
-0.809019
-0.891006
-0.951058
-0.987688
-1.000000
-0.987688
-0.951056
-0.891007
-0.809016
-0.707108
-0.587784
-0.453992
-0.309015
-0.156437
0.000001
0.156432
0.309018
0.453988
0.587786
0.707105
0.809017
0.891005
0.951057
0.987688
0.000000
-0.309024
-0.587785
-0.809021
-0.951056
-1.000000
-0.951057
-0.809014
-0.587787
-0.309012
-0.000003
0.309021
0.587782
0.809019
0.951055
1.000000
0.951058
0.809016
0.587790
0.309015
0.000006
-0.309018
-0.587780
-0.809017
-0.951054
-1.000000
-0.951054
-0.809017
-0.587780
-0.309018
0.000006
0.309015
0.587790
0.809016
0.951058
1.000000
0.951055
0.809019
0.587782
0.309021
-0.000003
-0.309012
-0.587787
-0.809014
-0.951057
-1.000000
-0.951056
-0.809021
-0.587785
-0.309024
0.000000
0.309024
0.587785
0.809021
0.951056
1.000000
0.951057
0.809014
0.587787
0.309012
0.000003
-0.309021
-0.587782
-0.809019
-0.951055
-1.000000
-0.951058
-0.809016
-0.587790
-0.309015
-0.000006
0.309018
0.587780
0.809017
0.951054
1.000000
0.951054
0.809017
0.587780
0.309018
-0.000006
-0.309015
-0.587790
-0.809016
-0.951058
-1.000000
-0.951055
-0.809019
-0.587782
-0.309021
0.000003
0.309012
0.587787
0.809014
0.951057
1.000000
0.951056
0.809021
0.587785
0.309024
-0.000000
-0.309024
-0.587785
-0.809021
-0.951056
-1.000000
-0.951057
-0.809014
-0.587787
-0.309012
-0.000003
0.309021
0.587782
0.809019
0.951055
1.000000
0.951058
0.809016
0.587790
0.309015
0.000006
-0.309018
-0.587780
-0.809017
-0.951054
-1.000000
-0.951054
-0.809017
-0.587780
-0.309018
0.000006
0.309015
0.587790
0.809016
0.951058
1.000000
0.951055
0.809019
0.587782
0.309021
-0.000003
-0.309012
-0.587787
-0.809014
-0.951057
-1.000000
-0.951056
-0.809021
-0.587785
-0.309024
-0.000000
0.309024
0.587785
0.809021
0.951056
1.000000
0.951057
0.809014
0.587787
0.309012
0.000003
-0.309021
-0.587782
-0.809019
-0.951055
-1.000000
-0.951058
-0.809016
-0.587790
-0.309015
-0.000006
0.309018
0.587780
0.809017
0.951054
1.000000
0.951054
0.809017
0.587780
0.309018
-0.000006
-0.309015
-0.587790
-0.809016
-0.951058
-1.000000
-0.951055
-0.809019
-0.587782
-0.309021
0.000003
0.309012
0.587787
0.809014
0.951057
1.000000
0.951056
0.809021
0.587785
0.309024
0.000000
-0.309024
-0.587785
-0.809021
-0.951056
-1.000000
-0.951057
-0.809014
-0.587787
-0.309012
-0.000003
0.309021
0.587782
0.809019
0.951055
1.000000
0.951058
0.809016
0.587790
0.309015
0.000006
-0.309018
-0.587780
-0.809017
-0.951054
-1.000000
-0.951054
-0.809017
-0.587780
-0.309018
0.000006
0.309015
0.587790
0.809016
0.951058
1.000000
0.951055
0.809019
0.587782
0.309021
-0.000003
-0.309012
-0.587787
-0.809014
-0.951057
-1.000000
-0.951056
-0.809021
-0.587785
-0.309024
-0.000000
0.309024
0.587785
0.809021
0.951056
1.000000
0.951057
0.809014
0.587787
0.309012
0.000003
-0.309021
-0.587782
-0.809019
-0.951055
-1.000000
-0.951058
-0.809016
-0.587790
-0.309015
-0.000006
0.309018
0.587780
0.809017
0.951054
1.000000
0.951054
0.809017
0.587780
0.309018
-0.000006
-0.309015
-0.587790
-0.809016
-0.951058
-1.000000
-0.951055
-0.809019
-0.587782
-0.309021
0.000003
0.309012
0.587787
0.809014
0.951057
1.000000
0.951056
0.809021
0.587785
0.309024
0.000000
-0.309024
-0.587785
-0.809021
-0.951056
-1.000000
-0.951057
-0.809014
-0.587787
-0.309012
-0.000003
0.309021
0.587782
0.809019
0.951055
1.000000
0.951058
0.809016
0.587790
0.309015
0.000006
-0.309018
-0.587780
-0.809017
-0.951054
-1.000000
-0.951054
-0.809017
-0.587780
-0.309018
0.000006
0.309015
0.587790
0.809016
0.951058
1.000000
0.951055
0.809019
0.587782
0.309021
-0.000003
-0.309012
-0.587787
-0.809014
-0.951057
-1.000000
-0.951056
-0.809021
-0.587785
-0.309024
-0.000000
0.309024
0.587797
0.809012
0.951056
1.000000
0.951052
0.809023
0.587787
0.309012
-0.000012
-0.309007
-0.587782
-0.809019
-0.951060
-1.000000
-0.951058
-0.809016
-0.587777
-0.309030
-0.000006
0.309018
0.587792
0.809009
0.951054
1.000000
0.951054
0.809009
0.587792
0.309018
-0.000006
-0.309030
-0.587777
-0.809016
-0.951058
-1.000000
-0.951060
-0.809019
-0.587782
-0.309007
-0.000012
0.309012
0.587787
0.809023
0.951052
1.000000
0.951056
0.809012
0.587797
0.309024
0.000000
-0.309024
-0.587797
-0.809012
-0.951056
-1.000000
-0.951052
-0.809023
-0.587787
-0.309012
0.000012
0.309007
0.587782
0.809019
0.951060
1.000000
0.951058
0.809016
0.587777
0.309030
0.000006
-0.309018
-0.587792
-0.809009
-0.951054
-1.000000
-0.951054
-0.809009
-0.587792
-0.309018
0.000006
0.309030
0.587777
0.809016
0.951058
1.000000
0.951060
0.809019
0.587782
0.309007
0.000012
-0.309012
-0.587787
-0.809023
-0.951052
-1.000000
-0.951056
-0.809012
-0.587797
-0.309024
0.000000
-0.454000
-0.809030
-0.987686
-0.951057
-0.707100
-0.308998
0.156420
0.587782
0.891010
1.000000
0.891014
0.587790
0.156429
-0.309032
-0.707094
-0.951054
-0.987688
-0.809009
-0.454008
-0.000009
0.453992
0.809024
0.987685
0.951060
0.707107
0.309007
-0.156456
-0.587775
-0.891006
-1.000000
-0.890998
-0.587797
-0.156438
0.309024
0.707119
0.951052
0.987689
0.809014
0.453976
0.000018
-0.453984
-0.809019
-0.987691
-0.951063
-0.707113
-0.309015
0.156447
0.587768
0.891002
1.000000
0.891002
0.587768
0.156447
-0.309015
-0.707113
-0.951063
-0.987691
-0.809019
-0.453984
0.000018
0.453976
0.809014
0.987689
0.951052
0.707119
0.309024
-0.156438
-0.587797
-0.890998
-1.000000
-0.891006
-0.587775
-0.156456
0.309007
0.707107
0.951060
0.987685
0.809024
0.453992
-0.000009
-0.454008
-0.809009
-0.987688
-0.951054
-0.707094
-0.309032
0.156429
0.587790
0.891014
1.000000
0.891010
0.587782
0.156420
-0.308998
-0.707100
-0.951057
-0.987686
-0.809030
-0.454000
-0.000000
0.454000
0.809030
0.987686
0.951057
0.707100
0.308998
-0.156420
-0.587782
-0.891010
-1.000000
-0.891014
-0.587790
-0.156429
0.309032
0.707094
0.951054
0.987688
0.809009
0.454008
0.000009
-0.453992
-0.809024
-0.987685
-0.951060
-0.707107
-0.309007
0.156456
0.587775
0.891006
1.000000
0.890998
0.587797
0.156438
-0.309024
-0.707119
-0.951052
-0.987689
-0.809014
-0.453976
-0.000018
0.453984
0.809019
0.987691
0.951063
0.707113
0.309015
-0.156447
-0.587768
-0.891002
-1.000000
-0.891002
-0.587768
-0.156447
0.309015
0.707113
0.951063
0.987691
0.809019
0.453984
-0.000018
-0.453976
-0.809014
-0.987689
-0.951052
-0.707119
-0.309024
0.156438
0.587797
0.890998
1.000000
0.891006
0.587775
0.156456
-0.309007
-0.707107
-0.951060
-0.987685
-0.809024
-0.453992
0.000009
0.454008
0.809009
0.987688
0.951054
0.707094
0.309032
-0.156429
-0.587790
-0.891014
-1.000000
-0.891010
-0.587782
-0.156420
0.308998
0.707100
0.951057
0.987686
0.809030
0.454000
0.000000
-0.454000
-0.809030
-0.987686
-0.951057
-0.707100
-0.308998
0.156420
0.587782
0.891010
1.000000
0.891014
0.587790
0.156429
-0.309032
-0.707094
-0.951054
-0.987688
-0.809009
-0.454008
-0.000009
0.453992
0.809024
0.987685
0.951060
0.707107
0.309007
-0.156456
-0.587775
-0.891006
-1.000000
-0.890998
-0.587797
-0.156438
0.309024
0.707119
0.951052
0.987689
0.809014
0.453976
0.000018
-0.453984
-0.809019
-0.987691
-0.951063
-0.707113
-0.309015
0.156447
0.587768
0.891002
1.000000
0.891002
0.587768
0.156447
-0.309015
-0.707113
-0.951063
-0.987691
-0.809019
-0.453984
0.000018
0.453976
0.809014
0.987689
0.951052
0.707119
0.309024
-0.156438
-0.587797
-0.890998
-1.000000
-0.891006
-0.587775
-0.156456
0.309007
0.707107
0.951060
0.987685
0.809024
0.453992
-0.000009
-0.454008
-0.809009
-0.987688
-0.951054
-0.707094
-0.309032
0.156429
0.587790
0.891014
1.000000
0.891010
0.587782
0.156420
-0.308998
-0.707100
-0.951057
-0.987686
-0.809030
-0.454000
-0.000000
0.454000
0.809030
0.987686
0.951057
0.707100
0.308998
-0.156420
-0.587782
-0.891010
-1.000000
-0.891014
-0.587790
-0.156429
0.309032
0.707094
0.951054
0.987688
0.809009
0.454008
0.000009
-0.453992
-0.809024
-0.987685
-0.951060
-0.707107
-0.309007
0.156456
0.587775
0.891006
1.000000
0.890998
0.587797
0.156438
-0.309024
-0.707119
-0.951052
-0.987689
-0.809014
-0.453976
-0.000018
0.453984
0.809019
0.987691
0.951063
0.707113
0.309015
-0.156447
-0.587768
-0.891002
-1.000000
-0.891002
-0.587768
-0.156447
0.309015
0.707113
0.951063
0.987691
0.809019
0.453984
-0.000018
-0.453976
-0.809014
-0.987689
-0.951052
-0.707119
-0.309024
0.156438
0.587797
0.890998
1.000000
0.891006
0.587775
0.156456
-0.309007
-0.707107
-0.951060
-0.987685
-0.809024
-0.453992
0.000009
0.454008
0.809009
0.987688
0.951054
0.707094
0.309032
-0.156429
-0.587790
-0.891014
-1.000000
-0.891010
-0.587782
-0.156420
0.308998
0.707100
0.951057
0.987686
0.809030
0.454000
0.000000
-0.454000
-0.809030
-0.987686
-0.951057
-0.707100
-0.308998
0.156420
0.587782
0.891010
1.000000
0.891014
0.587790
0.156429
-0.309032
-0.707094
-0.951054
-0.987688
-0.809009
-0.454008
-0.000009
0.453992
0.809024
0.987685
0.951060
0.707107
0.309007
-0.156456
-0.587775
-0.891006
-1.000000
-0.890998
-0.587797
-0.156438
0.309024
0.707119
0.951052
0.987689
0.809014
0.453976
0.000018
-0.453984
-0.809019
-0.987691
-0.951063
-0.707113
-0.309015
0.156447
0.587768
0.891002
-0.000000
0.587797
0.951065
0.951062
0.587787
-0.000012
-0.587807
-0.951051
-0.951058
-0.587777
0.000024
0.587768
0.951054
0.951054
0.587768
0.000024
-0.587777
-0.951058
-0.951051
-0.587807
-0.000012
0.587787
0.951062
0.951065
0.587797
0.000000
-0.587797
-0.951065
-0.951062
-0.587787
0.000012
0.587807
0.951051
0.951058
0.587777
-0.000024
-0.587768
-0.951054
-0.951054
-0.587768
-0.000024
0.587777
0.951058
0.951051
0.587807
0.000012
-0.587787
-0.951062
-0.951065
-0.587797
-0.000000
0.587797
0.951065
0.951062
0.587787
-0.000012
-0.587807
-0.951051
-0.951058
-0.587777
0.000024
0.587768
0.951054
0.951054
0.587768
0.000024
-0.587777
-0.951058
-0.951051
-0.587807
-0.000012
0.587787
0.951062
0.951065
0.587797
0.000000
-0.587797
-0.951065
-0.951062
-0.587787
0.000012
0.587807
0.951051
0.951058
0.587777
-0.000024
-0.587768
-0.951054
-0.951054
-0.587768
-0.000024
0.587777
0.951058
0.951051
0.587807
0.000012
-0.587787
-0.951062
-0.951065
-0.587797
-0.000000
0.587797
0.951065
0.951062
0.587787
-0.000012
-0.587807
-0.951051
-0.951058
-0.587777
0.000024
0.587768
0.951054
0.951054
0.587768
0.000024
-0.587777
-0.951058
-0.951051
-0.587807
-0.000012
0.587787
0.951062
0.951065
0.587797
-0.000000
-0.587797
-0.951065
-0.951062
-0.587787
0.000012
0.587807
0.951051
0.951058
0.587777
-0.000024
-0.587768
-0.951054
-0.951054
-0.587768
-0.000024
0.587777
0.951058
0.951051
0.587807
0.000012
-0.587787
-0.951062
-0.951065
-0.587797
-0.000000
0.587797
0.951065
0.951062
0.587787
-0.000012
-0.587807
-0.951051
-0.951058
-0.587777
0.000024
0.587768
0.951054
0.951054
0.587768
0.000024
-0.587777
-0.951058
-0.951051
-0.587807
-0.000012
0.587787
0.951062
0.951065
0.587797
-0.000000
-0.587797
-0.951065
-0.951062
-0.587787
0.000012
0.587807
0.951051
0.951058
0.587777
-0.000024
-0.587768
-0.951054
-0.951054
-0.587768
-0.000024
0.587777
0.951058
0.951051
0.587807
0.000012
-0.587787
-0.951062
-0.951065
-0.587797
-0.000000
0.587797
0.951065
0.951062
0.587787
-0.000012
-0.587807
-0.951051
-0.951058
-0.587777
0.000024
0.587768
0.951054
0.951054
0.587768
0.000024
-0.587777
-0.951058
-0.951051
-0.587807
-0.000012
0.587787
0.951062
0.951065
0.587797
-0.000000
-0.587797
-0.951065
-0.951062
-0.587787
0.000012
0.587807
0.951051
0.951058
0.587777
-0.000024
-0.587768
-0.951054
-0.951054
-0.587768
-0.000024
0.587777
0.951058
0.951051
0.587807
0.000012
-0.587787
-0.951062
-0.951065
-0.587797
-0.000000
0.587797
0.951065
0.951043
0.587739
0.000048
-0.587758
-0.951051
-0.951058
-0.587777
0.000024
0.587816
0.951073
0.951073
0.587816
0.000024
-0.587777
-0.951058
-0.951051
-0.587758
0.000048
0.587739
0.951043
0.951065
0.587797
0.000000
-0.587797
-0.951065
-0.951043
-0.587739
-0.000048
0.587758
0.951051
0.951058
0.587777
-0.000024
-0.587816
-0.951073
-0.951073
-0.587816
-0.000024
0.587777
0.951058
0.951051
0.587758
-0.000048
-0.587739
-0.951043
-0.951065
-0.587797
-0.000000
0.587797
0.951065
0.951043
0.587739
0.000048
-0.587758
-0.951051
-0.951058
-0.587777
0.000024
0.587816
0.951073
0.951073
0.587816
0.000024
-0.587777
-0.951058
-0.951051
-0.587758
0.000048
0.587739
0.951043
0.951065
0.587797
0.000000
-0.587797
-0.951065
-0.951043
-0.587739
-0.000048
0.587758
0.951051
0.951058
0.587777
-0.000024
-0.587816
-0.951073
-0.951073
-0.587816
-0.000024
0.587777
0.951058
0.951051
0.587758
-0.000048
-0.587739
-0.951043
-0.951065
-0.587797
-0.000000
0.587797
0.951065
0.951043
0.587739
0.000048
-0.587758
-0.951051
-0.951058
-0.587777
0.000024
0.587816
0.951073
0.951073
0.587816
0.000024
-0.587777
-0.951058
-0.951051
-0.587758
0.000048
0.587739
0.951043
0.951065
0.587797
-0.000000
-0.587797
-0.951065
-0.951043
-0.587739
-0.000048
0.587758
0.951051
0.951058
0.587777
-0.000024
-0.587816
-0.951073
-0.951073
-0.587816
-0.000024
0.587777
0.951058
0.951051
0.587758
-0.000048
-0.587739
-0.951043
-0.951065
-0.587797
-0.000000
0.587797
0.951065
0.951043
0.587739
0.000048
-0.587758
-0.951051
-0.951058
-0.587777
0.000024
0.587816
0.951073
0.951073
0.587816
0.000024
-0.587777
-0.951058
-0.951051
-0.587758
0.000048
0.587739
0.951043
0.951065
0.587797
0.000000
-0.587797
-0.951065
-0.951043
-0.587739
-0.000048
0.587758
0.951051
0.951058
0.587777
-0.000024
-0.587816
-0.951073
-0.951073
-0.587816
-0.000024
0.587777
0.951058
0.951051
0.587758
-0.000048
-0.587739
-0.951043
-0.951065
-0.587797
