-0.000000
0.156434
0.309017
0.453991
0.587785
0.707107
0.809017
0.891007
0.951057
0.987688
1.000000
0.987689
0.951057
0.891006
0.809017
0.707107
0.587785
0.453990
0.309017
0.156434
-0.000000
-0.156435
-0.309017
-0.453991
-0.587785
-0.707107
-0.809017
-0.891007
-0.951057
-0.987688
-1.000000
-0.987689
-0.951057
-0.891006
-0.809017
-0.707107
-0.587785
-0.453990
-0.309017
-0.156435
0.000000
0.156434
0.309017
0.453991
0.587785
0.707107
0.809017
0.891007
0.951057
0.987688
1.000000
0.987689
0.951057
0.891007
0.809017
0.707107
0.587785
0.453991
0.309017
0.156435
-0.000001
-0.156435
-0.309017
-0.453991
-0.587785
-0.707107
-0.809017
-0.891007
-0.951057
-0.987689
-1.000000
-0.987688
-0.951056
-0.891006
-0.809017
-0.707107
-0.587785
-0.453991
-0.309017
-0.156434
0.000000
0.156435
0.309017
0.453990
0.587785
0.707107
0.809017
0.891007
0.951056
0.987688
1.000000
0.987688
0.951056
0.891006
0.809017
0.707107
0.587785
0.453990
0.309017
0.156434
-0.000000
-0.156434
-0.309017
-0.453990
-0.587785
-0.707106
-0.809017
-0.891007
-0.951057
-0.987688
-1.000000
-0.987688
-0.951057
-0.891006
-0.809017
-0.707107
-0.587786
-0.453991
-0.309018
-0.156434
0.000001
0.156435
0.309017
0.453991
0.587785
0.707107
0.809017
0.891006
0.951056
0.987688
1.000000
0.987689
0.951056
0.891006
0.809017
0.707107
0.587785
0.453990
0.309017
0.156435
0.000000
-0.156434
-0.309016
-0.453990
-0.587786
-0.707107
-0.809017
-0.891007
-0.951057
-0.987688
-1.000000
-0.987688
-0.951057
-0.891007
-0.809017
-0.707107
-0.587786
-0.453990
-0.309016
-0.156434
0.000000
0.156435
0.309017
0.453991
0.587785
0.707107
0.809017
0.891006
0.951056
0.987688
1.000000
0.987688
0.951056
0.891006
0.809017
0.707107
0.587785
0.453991
0.309017
0.156435
0.000001
-0.156434
-0.309018
-0.453991
-0.587786
-0.707107
-0.809017
-0.891007
-0.951057
-0.987688
-1.000000
-0.987688
-0.951057
-0.891007
-0.809016
-0.707106
-0.587785
-0.453990
-0.309017
-0.156434
0.000000
0.156435
0.309017
0.453990
0.587785
0.707106
0.809017
0.891006
0.951056
0.987688
1.000000
0.987689
0.951057
0.891006
0.809016
0.707106
0.587784
0.453989
0.309016
0.156433
-0.000001
-0.156435
-0.309018
-0.453991
-0.587786
-0.707107
-0.809017
-0.891007
-0.951057
-0.987688
-1.000000
-0.987689
-0.951057
-0.891007
-0.809018
-0.707108
-0.587787
-0.453992
-0.309015
-0.156433
0.000002
0.156436
0.309018
0.453992
0.587786
0.707107
0.809017
0.891007
0.951057
0.987689
1.000000
0.987689
0.951057
0.891007
0.809017
0.707107
0.587786
0.453992
0.309018
0.156436
0.000002
-0.156433
-0.309015
-0.453992
-0.587787
-0.707108
-0.809018
-0.891007
-0.951057
-0.987689
-1.000000
-0.987688
-0.951056
-0.891007
-0.809017
-0.707107
-0.587786
-0.453991
-0.309018
-0.156435
-0.000001
0.156434
0.309016
0.453989
0.587784
0.707106
0.809016
0.891006
0.951057
0.987689
1.000000
0.987688
0.951056
0.891006
0.809017
0.707106
0.587785
0.453990
0.309017
0.156434
0.000000
-0.156434
-0.309017
-0.453990
-0.587785
-0.707106
-0.809016
-0.891006
-0.951056
-0.987688
-1.000000
-0.987689
-0.951057
-0.891006
-0.809016
-0.707106
-0.587784
-0.453990
-0.309016
-0.156434
0.000001
0.156435
0.309017
0.453991
0.587785
0.707107
0.809017
0.891006
0.951056
0.987688
1.000000
0.987688
0.951057
0.891007
0.809018
0.707108
0.587787
0.453992
0.309015
0.156433
-0.000001
-0.156436
-0.309018
-0.453991
-0.587786
-0.707107
-0.809017
-0.891007
-0.951057
-0.987688
-1.000000
-0.987688
-0.951056
-0.891007
-0.809017
-0.707107
-0.587786
-0.453991
-0.309018
-0.156436
-0.000001
0.156433
0.309015
0.453992
0.587787
0.707108
0.809018
0.891007
0.951057
0.987688
1.000000
0.987688
0.951056
0.891006
0.809017
0.707107
0.587785
0.453991
0.309017
0.156435
0.000001
-0.156434
-0.309016
-0.453990
-0.587784
-0.707106
-0.809016
-0.891006
-0.951057
-0.987688
-1.000000
-0.987688
-0.951056
-0.891006
-0.809016
-0.707106
-0.587785
-0.453990
-0.309017
-0.156434
0.000000
0.156438
0.309017
0.453993
0.587785
0.707109
0.809017
0.891008
0.951056
0.987689
1.000000
0.987688
0.951057
0.891006
0.809018
0.707106
0.587787
0.453989
0.309020
0.156434
0.000003
-0.156435
-0.309014
-0.453991
-0.587782
-0.707107
-0.809019
-0.891006
-0.951058
-0.987688
-1.000000
-0.987689
-0.951056
-0.891007
-0.809016
-0.707108
-0.587784
-0.453992
-0.309015
-0.156437
0.000002
0.156432
0.309018
0.453988
0.587786
0.707105
0.809017
0.891005
0.951057
0.987688
0.000000
-0.309024
-0.587785
-0.809021
-0.951056
-1.000000
-0.951057
-0.809014
-0.587787
-0.309012
-0.000003
0.309021
0.587782
0.809019
0.951055
1.000000
0.951058
0.809016
0.587790
0.309015
0.000006
-0.309018
-0.587780
-0.809018
-0.951055
-1.000000
-0.951055
-0.809018
-0.587780
-0.309018
0.000006
0.309015
0.587790
0.809016
0.951058
1.000000
0.951056
0.809019
0.587782
0.309021
-0.000003
-0.309013
-0.587787
-0.809014
-0.951057
-1.000000
-0.951056
-0.809021
-0.587785
-0.309024
0.000000
0.309024
0.587785
0.809021
0.951056
1.000000
0.951057
0.809014
0.587787
0.309013
0.000003
-0.309021
-0.587783
-0.809019
-0.951056
-1.000000
-0.951058
-0.809016
-0.587790
-0.309015
-0.000006
0.309018
0.587780
0.809017
0.951054
1.000000
0.951055
0.809017
0.587780
0.309018
-0.000006
-0.309015
-0.587790
-0.809016
-0.951058
-1.000000
-0.951055
-0.809019
-0.587782
-0.309021
0.000003
0.309013
0.587787
0.809014
0.951057
1.000000
0.951056
0.809021
0.587785
0.309024
-0.000000
-0.309024
-0.587785
-0.809021
-0.951056
-1.000000
-0.951057
-0.809014
-0.587787
-0.309012
-0.000003
0.309021
0.587783
0.809019
0.951056
1.000000
0.951058
0.809016
0.587789
0.309015
0.000006
-0.309018
-0.587780
-0.809018
-0.951054
-1.000000
-0.951054
-0.809017
-0.587780
-0.309018
0.000006
0.309016
0.587790
0.809016
0.951058
1.000000
0.951055
0.809019
0.587782
0.309021
-0.000003
-0.309013
-0.587788
-0.809014
-0.951057
-1.000000
-0.951056
-0.809021
-0.587785
-0.309024
0.000000
0.309024
0.587785
0.809021
0.951057
1.000000
0.951057
0.809014
0.587787
0.309012
0.000003
-0.309021
-0.587783
-0.809019
-0.951055
-1.000000
-0.951058
-0.809016
-0.587789
-0.309015
-0.000006
0.309018
0.587780
0.809017
0.951055
1.000000
0.951054
0.809017
0.587780
0.309018
-0.000006
-0.309016
-0.587790
-0.809016
-0.951058
-1.000000
-0.951055
-0.809019
-0.587782
-0.309021
0.000003
0.309013
0.587787
0.809014
0.951057
1.000000
0.951056
0.809021
0.587785
0.309024
-0.000000
-0.309024
-0.587785
-0.809021
-0.951056
-1.000000
-0.951057
-0.809014
-0.587787
-0.309012
-0.000003
0.309021
0.587783
0.809019
0.951056
1.000000
0.951058
0.809016
0.587790
0.309015
0.000006
-0.309018
-0.587780
-0.809018
-0.951054
-1.000000
-0.951054
-0.809017
-0.587780
-0.309018
0.000006
0.309015
0.587790
0.809016
0.951058
1.000000
0.951055
0.809019
0.587782
0.309021
-0.000003
-0.309013
-0.587787
-0.809014
-0.951057
-1.000000
-0.951056
-0.809021
-0.587785
-0.309024
0.000000
0.309024
0.587785
0.809021
0.951056
1.000000
0.951057
0.809014
0.587787
0.309013
0.000003
-0.309021
-0.587782
-0.809019
-0.951055
-1.000000
-0.951058
-0.809016
-0.587789
-0.309015
-0.000006
0.309018
0.587780
0.809017
0.951054
1.000000
0.951054
0.809017
0.587780
0.309018
-0.000006
-0.309015
-0.587790
-0.809016
-0.951058
-1.000000
-0.951055
-0.809019
-0.587782
-0.309021
0.000003
0.309013
0.587787
0.809014
0.951057
1.000000
0.951056
0.809021
0.587785
0.309024
0.000000
-0.309024
-0.587785
-0.809021
-0.951056
-1.000000
-0.951057
-0.809014
-0.587787
-0.309012
-0.000003
0.309021
0.587782
0.809019
0.951055
1.000000
0.951058
0.809016
0.587790
0.309015
0.000006
-0.309018
-0.587780
-0.809017
-0.951054
-1.000000
-0.951054
-0.809017
-0.587780
-0.309018
0.000006
0.309015
0.587790
0.809015
0.951058
1.000000
0.951055
0.809019
0.587782
0.309021
-0.000003
-0.309013
-0.587787
-0.809014
-0.951057
-1.000000
-0.951056
-0.809021
-0.587785
-0.309024
0.000000
0.309024
0.587797
0.809012
0.951056
1.000000
0.951052
0.809023
0.587787
0.309012
-0.000012
-0.309007
-0.587782
-0.809019
-0.951060
-1.000000
-0.951058
-0.809015
-0.587777
-0.309029
-0.000006
0.309018
0.587792
0.809009
0.951054
1.000000
0.951054
0.809009
0.587792
0.309018
-0.000006
-0.309030
-0.587777
-0.809016
-0.951058
-1.000000
-0.951060
-0.809019
-0.587782
-0.309007
-0.000012
0.309012
0.587787
0.809023
0.951053
1.000000
0.951056
0.809012
0.587797
0.309024
-0.000000
-0.309024
-0.587797
-0.809012
-0.951056
-1.000000
-0.951052
-0.809023
-0.587787
-0.309012
0.000012
0.309007
0.587782
0.809019
0.951060
1.000000
0.951058
0.809015
0.587777
0.309029
0.000006
-0.309018
-0.587792
-0.809009
-0.951054
-1.000000
-0.951054
-0.809009
-0.587792
-0.309018
0.000006
0.309029
0.587777
0.809016
0.951058
1.000000
0.951060
0.809019
0.587783
0.309007
0.000012
-0.309013
-0.587787
-0.809023
-0.951052
-1.000000
-0.951056
-0.809012
-0.587797
-0.309024
0.000000
-0.454000
-0.809030
-0.987687
-0.951057
-0.707100
-0.308998
0.156420
0.587782
0.891010
1.000000
0.891014
0.587790
0.156429
-0.309032
-0.707094
-0.951055
-0.987688
-0.809009
-0.454008
-0.000009
0.453992
0.809025
0.987685
0.951060
0.707107
0.309007
-0.156456
-0.587775
-0.891006
-1.000000
-0.890998
-0.587797
-0.156438
0.309024
0.707119
0.951051
0.987689
0.809014
0.453976
0.000018
-0.453984
-0.809019
-0.987691
-0.951063
-0.707113
-0.309015
0.156447
0.587768
0.891002
1.000000
0.891002
0.587768
0.156447
-0.309015
-0.707113
-0.951063
-0.987691
-0.809019
-0.453984
0.000018
0.453976
0.809014
0.987689
0.951052
0.707120
0.309024
-0.156438
-0.587797
-0.890997
-1.000000
-0.891006
-0.587775
-0.156456
0.309007
0.707107
0.951060
0.987685
0.809024
0.453992
-0.000009
-0.454008
-0.809009
-0.987688
-0.951054
-0.707094
-0.309033
0.156429
0.587790
0.891014
1.000000
0.891010
0.587783
0.156420
-0.308998
-0.707101
-0.951057
-0.987687
-0.809030
-0.454000
-0.000000
0.454000
0.809030
0.987687
0.951057
0.707101
0.308998
-0.156420
-0.587782
-0.891010
-1.000000
-0.891014
-0.587790
-0.156429
0.309032
0.707094
0.951054
0.987688
0.809009
0.454008
0.000009
-0.453992
-0.809024
-0.987685
-0.951060
-0.707107
-0.309007
0.156456
0.587775
0.891006
1.000000
0.890998
0.587797
0.156438
-0.309024
-0.707120
-0.951052
-0.987689
-0.809014
-0.453976
-0.000018
0.453984
0.809019
0.987691
0.951063
0.707113
0.309015
-0.156447
-0.587768
-0.891002
-1.000000
-0.891002
-0.587768
-0.156447
0.309015
0.707113
0.951063
0.987690
0.809019
0.453984
-0.000018
-0.453976
-0.809014
-0.987689
-0.951051
-0.707119
-0.309024
0.156438
0.587797
0.890998
1.000000
0.891006
0.587775
0.156456
-0.309007
-0.707107
-0.951060
-0.987685
-0.809024
-0.453992
0.000009
0.454008
0.809009
0.987688
0.951054
0.707094
0.309032
-0.156429
-0.587790
-0.891014
-1.000000
-0.891010
-0.587782
-0.156420
0.308998
0.707101
0.951057
0.987686
0.809030
0.454000
-0.000000
-0.454000
-0.809030
-0.987687
-0.951057
-0.707100
-0.308998
0.156420
0.587782
0.891010
1.000000
0.891014
0.587789
0.156429
-0.309033
-0.707094
-0.951054
-0.987688
-0.809008
-0.454008
-0.000009
0.453992
0.809024
0.987685
0.951060
0.707107
0.309007
-0.156456
-0.587775
-0.891006
-1.000000
-0.890998
-0.587797
-0.156438
0.309024
0.707119
0.951052
0.987689
0.809014
0.453976
0.000018
-0.453984
-0.809019
-0.987691
-0.951063
-0.707113
-0.309015
0.156447
0.587768
0.891002
1.000000
0.891002
0.587768
0.156447
-0.309015
-0.707113
-0.951063
-0.987691
-0.809019
-0.453984
0.000018
0.453976
0.809014
0.987689
0.951052
0.707120
0.309024
-0.156438
-0.587797
-0.890998
-1.000000
-0.891006
-0.587775
-0.156456
0.309007
0.707107
0.951060
0.987685
0.809025
0.453992
-0.000009
-0.454008
-0.809008
-0.987688
-0.951054
-0.707094
-0.309032
0.156429
0.587789
0.891014
1.000000
0.891010
0.587782
0.156420
-0.308998
-0.707100
-0.951057
-0.987686
-0.809030
-0.454000
-0.000000
0.454000
0.809030
0.987686
0.951057
0.707100
0.308998
-0.156420
-0.587782
-0.891010
-1.000000
-0.891014
-0.587790
-0.156429
0.309032
0.707094
0.951054
0.987688
0.809008
0.454008
0.000009
-0.453992
-0.809024
-0.987685
-0.951060
-0.707107
-0.309007
0.156456
0.587775
0.891005
1.000000
0.890997
0.587797
0.156438
-0.309024
-0.707119
-0.951051
-0.987689
-0.809014
-0.453976
-0.000018
0.453984
0.809019
0.987690
0.951062
0.707113
0.309015
-0.156447
-0.587768
-0.891001
-1.000000
-0.891001
-0.587768
-0.156447
0.309015
0.707113
0.951062
0.987690
0.809019
0.453984
-0.000018
-0.453976
-0.809014
-0.987689
-0.951051
-0.707119
-0.309024
0.156438
0.587797
0.890997
1.000000
0.891005
0.587775
0.156456
-0.309007
-0.707107
-0.951060
-0.987685
-0.809024
-0.453992
0.000009
0.454008
0.809009
0.987688
0.951054
0.707094
0.309032
-0.156429
-0.587790
-0.891014
-1.000000
-0.891010
-0.587782
-0.156420
0.308998
0.707100
0.951057
0.987686
0.809030
0.454000
0.000000
-0.454000
-0.809030
-0.987686
-0.951057
-0.707100
-0.308998
0.156420
0.587782
0.891010
1.000000
0.891014
0.587789
0.156429
-0.309032
-0.707094
-0.951054
-0.987688
-0.809009
-0.454008
-0.000009
0.453992
0.809024
0.987685
0.951060
0.707107
0.309007
-0.156456
-0.587775
-0.891006
-1.000000
-0.890998
-0.587797
-0.156438
0.309024
0.707120
0.951052
0.987689
0.809014
0.453976
0.000018
-0.453984
-0.809019
-0.987691
-0.951063
-0.707113
-0.309015
0.156447
0.587768
0.891002
-1.000000
-0.987688
-0.951054
-0.891009
-0.809017
-0.707105
-0.587780
-0.453995
-0.309018
-0.156432
0.000006
0.156429
0.309015
0.453992
0.587790
0.707103
0.809016
0.891007
0.951058
0.987687
1.000000
0.987688
0.951055
0.891010
0.809019
0.707107
0.587782
0.453984
0.309021
0.156435
-0.000003
-0.156441
-0.309012
-0.453989
-0.587787
-0.707111
-0.809014
-0.891006
-0.951057
-0.987689
-1.000000
-0.987689
-0.951056
-0.891004
-0.809021
-0.707109
-0.587785
-0.453987
-0.309024
-0.156438
-0.000000
0.156438
0.309024
0.453987
0.587785
0.707109
0.809021
0.891004
0.951056
0.987689
1.000000
0.987689
0.951057
0.891006
0.809014
0.707111
0.587787
0.453989
0.309013
0.156441
0.000003
-0.156435
-0.309021
-0.453984
-0.587782
-0.707107
-0.809019
-0.891010
-0.951055
-0.987688
-1.000000
-0.987687
-0.951058
-0.891007
-0.809016
-0.707103
-0.587790
-0.453992
-0.309015
-0.156429
-0.000006
0.156432
0.309018
0.453995
0.587780
0.707105
0.809017
0.891008
0.951054
0.987688
1.000000
0.987688
0.951054
0.891008
0.809017
0.707105
0.587780
0.453995
0.309018
0.156432
-0.000006
-0.156429
-0.309015
-0.453992
-0.587790
-0.707103
-0.809016
-0.891007
-0.951058
-0.987687
-1.000000
-0.987688
-0.951055
-0.891010
-0.809019
-0.707107
-0.587782
-0.453984
-0.309021
-0.156435
0.000003
0.156441
0.309012
0.453989
0.587787
0.707111
0.809014
0.891006
0.951057
0.987689
1.000000
0.987689
0.951056
0.891005
0.809021
0.707109
0.587785
0.453987
0.309024
0.156438
0.000000
-0.156438
-0.309024
-0.453987
-0.587785
-0.707109
-0.809021
-0.891004
-0.951056
-0.987689
-1.000000
-0.987689
-0.951057
-0.891006
-0.809014
-0.707111
-0.587787
-0.453990
-0.309013
-0.156441
-0.000003
0.156435
0.309021
0.453984
0.587782
0.707107
0.809019
0.891010
0.951055
0.987688
1.000000
0.987687
0.951058
0.891007
0.809016
0.707103
0.587790
0.453992
0.309015
0.156429
0.000006
-0.156432
-0.309018
-0.453995
-0.587780
-0.707105
-0.809017
-0.891008
-0.951054
-0.987688
-1.000000
-0.987688
-0.951054
-0.891008
-0.809017
-0.707105
-0.587780
-0.453995
-0.309018
-0.156432
0.000006
0.156429
0.309015
0.453992
0.587790
0.707103
0.809016
0.891007
0.951058
0.987687
1.000000
0.987688
0.951055
0.891010
0.809019
0.707107
0.587782
0.453984
0.309021
0.156435
-0.000003
-0.156441
-0.309013
-0.453989
-0.587787
-0.707111
-0.809014
-0.891006
-0.951057
-0.987689
-1.000000
-0.987689
-0.951056
-0.891004
-0.809021
-0.707109
-0.587785
-0.453987
-0.309024
-0.156438
-0.000000
0.156438
0.309024
0.454000
0.587797
0.707098
0.809012
0.891004
0.951056
0.987689
1.000000
0.987687
0.951053
0.891012
0.809023
0.707111
0.587787
0.453990
0.309013
0.156426
-0.000012
-0.156420
-0.309007
-0.453984
-0.587782
-0.707107
-0.809019
-0.891010
-0.951060
-0.987691
-1.000000
-0.987690
-0.951058
-0.891007
-0.809016
-0.707103
-0.587778
-0.453979
-0.309030
-0.156444
-0.000006
0.156432
0.309018
0.453995
0.587792
0.707115
0.809009
0.891002
0.951054
0.987688
1.000000
0.987688
0.951055
0.891002
0.809009
0.707115
0.587792
0.453995
0.309018
0.156432
-0.000006
-0.156444
-0.309030
-0.453979
-0.587778
-0.707103
-0.809016
-0.891007
-0.951058
-0.987690
-1.000000
-0.987691
-0.951060
-0.891010
-0.809019
-0.707107
-0.587782
-0.453984
-0.309007
-0.156420
-0.000012
0.156426
0.309013
0.453990
0.587787
0.707111
0.809023
0.891012
0.951053
0.987687
1.000000
0.987689
0.951056
0.891004
0.809012
0.707098
0.587797
0.454000
0.309024
0.156438
-0.000000
-0.156438
-0.309024
-0.454000
-0.587797
-0.707099
-0.809012
-0.891004
-0.951056
-0.987689
-1.000000
-0.987687
-0.951053
-0.891013
-0.809023
-0.707111
-0.587787
-0.453989
-0.309012
-0.156426
0.000012
0.156420
0.309007
0.453984
0.587782
0.707107
0.809019
0.891010
0.951060
0.987691
1.000000
0.987690
0.951058
0.891007
0.809015
0.707103
0.587777
0.453979
0.309029
0.156444
0.000006
-0.156432
-0.309018
-0.453995
-0.587792
-0.707115
-0.809009
-0.891002
-0.951054
-0.987688
-1.000000
-0.987688
-0.951054
-0.891002
-0.809008
-0.707115
-0.587792
-0.453995
-0.309018
-0.156432
0.000006
0.156444
0.309030
0.453979
0.587777
0.707103
0.809015
0.891007
0.951058
0.987690
1.000000
0.987691
0.951060
0.891010
0.809019
0.707107
0.587782
0.453984
0.309007
0.156420
0.000012
-0.156426
-0.309012
-0.453989
-0.587787
-0.707111
-0.809022
-0.891012
-0.951053
-0.987687
-1.000000
-0.987689
-0.951056
-0.891004
-0.809012
-0.707098
-0.587797
-0.454000
-0.309024
-0.156438
