0 63514.601562
1 22.143217
2 62994.625000
3 176.498474
4 77605.265625
5 1277.300537
6 70173.718750
7 8981.445312
8 238260.890625
9 157375.265625
10 340183.281250
11 247332.562500
12 19720.244141
13 33254.085938
14 151690.765625
15 7622.605957
16 8776.454102
17 1447.654663
18 679788.437500
19 391945.218750
20 1033893.062500
21 1444401.875000
22 184092.000000
23 421601.968750
24 105159.289062
25 379259.968750
26 938.584229
27 576458.500000
28 934298.687500
29 2733060.750000
30 2283794.000000
31 1065079.125000
32 884661.750000
33 7962.124512
34 149084.421875
35 33373.695312
36 91620.023438
37 241372.000000
38 1566856.625000
39 2984625.000000
40 4030580.250000
41 3430470.750000
42 1650988.375000
43 406681.968750
44 14456.375977
45 150507.750000
46 184804.109375
47 77336.656250
48 8118.123535
49 46550.402344
50 65556.445312
51 30776.890625
52 5059.371582
53 21663.457031
54 32582.607422
55 15950.930664
56 3385.093262
57 12150.239258
58 19090.003906
59 9510.765625
60 2384.014893
61 7607.043457
62 12343.740234
63 6195.808105
64 1748.026245
65 5124.375488
66 8530.145508
67 4294.119629
68 1322.855103
69 3639.690430
70 6187.035645
71 3116.522705
72 1027.730957
73 2692.398926
74 4656.994629
75 2344.547119
76 816.409363
77 2057.056396
78 3610.560547
79 1816.695068
80 660.731934
81 1613.609009
82 2868.187500
83 1441.179077
84 544.045410
85 1294.072144
86 2325.338623
87 1167.497559
88 454.328583
89 1057.927612
90 1919.193237
91 962.309937
92 384.172791
93 878.964172
94 1608.160034
95 806.160461
96 328.867371
97 740.589600
98 1365.967651
99 683.846802
100 284.552826
101 632.778442
102 1173.115723
103 587.466187
104 248.746704
105 546.887756
106 1020.404968
107 510.399628
108 219.219315
109 477.678589
110 896.022217
111 447.977295
112 194.983368
113 421.057892
114 793.998718
115 396.744049
116 174.606644
117 374.623444
118 709.728394
119 354.355255
120 157.621628
121 336.010040
122 638.986877
123 319.297211
124 143.264984
125 303.761536
126 579.803345
127 289.531769
128 131.098419
129 276.672455
130 529.565552
131 264.486755
132 120.550552
133 253.806137
134 487.193176
135 243.309662
136 111.782967
137 234.382324
138 451.353302
139 225.520187
140 104.230400
141 217.323441
142 419.686951
143 209.768356
144 97.275963
145 202.812119
146 392.729218
147 196.644287
148 91.823753
149 190.160782
150 370.064972
151 185.152481
152 86.856491
153 179.997726
154 350.072357
155 175.260406
156 82.559349
157 170.919754
158 332.673340
159 166.847397
160 78.860764
161 163.022903
162 318.481476
163 159.529465
164 75.778694
165 156.379623
166 305.949646
167 153.531769
168 73.044434
169 150.663437
170 295.085449
171 148.177628
172 70.758781
173 145.919510
174 286.760742
175 143.786270
176 68.778343
177 141.906830
178 278.988678
179 140.174194
180 67.259163
181 138.654694
182 272.774963
183 137.145599
184 66.066376
185 136.009598
186 268.215057
187 135.254547
188 65.063461
189 133.977890
190 264.924103
191 133.131561
192 64.388367
193 132.803055
194 262.407227
195 132.344284
196 64.066566
197 132.138931
198 261.468811
199 131.857544
200 63.830193
201 132.664688
202 261.051361
203 132.140259
204 63.823750
205 132.523056
206 262.576843
207 132.663284
208 64.252220
209 133.383789
210 265.151093
211 134.241425
212 65.036850
213 134.915146
214 268.679565
215 136.296219
216 66.127235
217 137.410400
218 272.700867
219 138.699203
220 67.214615
221 140.102203
222 278.957520
223 142.131531
224 68.826630
225 143.782852
226 286.255798
227 145.869095
228 70.761375
229 148.297562
230 294.884308
231 150.644989
232 73.495544
233 153.339493
234 306.195587
235 156.305634
236 75.825485
237 159.583328
238 318.116699
239 163.262619
240 78.757095
241 166.836685
242 332.886597
243 170.885086
244 82.714279
245 175.569534
246 350.006134
247 179.720261
248 86.698311
249 185.181992
250 370.101349
251 190.874084
252 92.467087
253 196.366867
254 392.694122
255 202.896042
256 97.453583
257 209.744293
258 419.458069
259 217.255112
260 104.296295
261 225.172211
262 450.634888
263 234.180252
264 111.774002
265 243.263901
266 486.452911
267 253.489120
268 120.720474
269 264.761780
270 529.650757
271 276.635223
272 131.201767
273 289.322418
274 580.874634
275 303.771851
276 143.413177
277 319.089691
278 639.023010
279 335.551910
280 157.661087
281 354.221741
282 709.545227
283 374.740662
284 174.596970
285 397.083069
286 793.454834
287 421.024017
288 195.003128
289 448.001190
290 896.863281
291 477.523804
292 219.373077
293 510.136414
294 1021.500549
295 546.773438
296 248.392365
297 587.371277
298 1174.596069
299 633.303101
300 284.512573
301 684.170410
302 1365.985107
303 741.753174
304 329.109070
305 804.937439
306 1607.600586
307 878.803162
308 383.342712
309 962.283081
310 1917.964355
311 1057.672729
312 454.297821
313 1167.908203
314 2325.481445
315 1293.984375
316 544.036499
317 1440.275635
318 2867.590332
319 1613.167847
320 661.322266
321 1817.533081
322 3610.292236
323 2056.718994
324 816.133240
325 2346.147217
326 4657.332031
327 2692.531494
328 1029.367554
329 3115.892334
330 6185.612305
331 3640.111084
332 1322.293457
333 4292.993652
334 8530.234375
335 5123.684082
336 1748.883301
337 6194.647461
338 12345.071289
339 7608.539062
340 2387.670898
341 9513.316406
342 19093.539062
343 12149.331055
344 3384.929199
345 15944.715820
346 32582.486328
347 21666.462891
348 5059.540527
349 30776.593750
350 65562.125000
351 46550.359375
352 8119.437500
353 77341.601562
354 184804.421875
355 150504.343750
356 14457.404297
357 406682.718750
358 1650993.250000
359 3430511.750000
360 4030575.500000
361 2984604.000000
362 1566915.875000
363 241381.359375
364 91616.210938
365 33369.078125
366 149078.765625
367 7963.336426
368 884666.937500
369 1065097.000000
370 2283804.250000
371 2733024.500000
372 934354.875000
373 576440.500000
374 938.484924
375 379256.843750
376 105159.367188
377 421600.906250
378 184090.234375
379 1444387.000000
380 1033910.437500
381 391954.562500
382 679759.812500
383 1446.058472
384 8773.604492
385 7623.210449
386 151697.828125
387 33257.636719
388 19724.068359
389 247332.140625
390 340173.281250
391 157358.843750
392 238253.312500
393 8980.881836
394 70148.132812
395 1276.928589
396 77606.078125
397 177.426834
398 62995.652344
399 22.213459
