0 0.000001
1 0.250178
2 0.493457
3 0.723204
4 0.933238
5 1.118040
6 1.272952
7 1.394366
8 1.479778
9 1.527935
10 1.538844
11 1.513739
12 1.455065
13 1.366393
14 1.252266
15 1.118031
16 0.969650
17 0.813514
18 0.656130
19 0.503995
20 0.363259
21 0.239614
22 0.137956
23 0.062343
24 0.015742
25 0.000000
26 0.015736
27 0.062339
28 0.137962
29 0.239615
30 0.363265
31 0.503999
32 0.656144
33 0.813520
34 0.969665
35 1.118025
36 1.252263
37 1.366393
38 1.455064
39 1.513729
40 1.538839
41 1.527934
42 1.479788
43 1.394362
44 1.272953
45 1.118029
46 0.933243
47 0.723195
48 0.493456
49 0.250178
50 0.000005
51 -0.250180
52 -0.493469
53 -0.723206
54 -0.933236
55 -1.118028
56 -1.272958
57 -1.394361
58 -1.479784
59 -1.527936
60 -1.538830
61 -1.513725
62 -1.455046
63 -1.366387
64 -1.252262
65 -1.118047
66 -0.969651
67 -0.813522
68 -0.656140
69 -0.503998
70 -0.363280
71 -0.239616
72 -0.137965
73 -0.062341
74 -0.015743
75 -0.000000
76 -0.015731
77 -0.062338
78 -0.137959
79 -0.239606
80 -0.363278
81 -0.504001
82 -0.656139
83 -0.813511
84 -0.969664
85 -1.118026
86 -1.252259
87 -1.366389
88 -1.455060
89 -1.513738
90 -1.538829
91 -1.527945
92 -1.479780
93 -1.394359
94 -1.272939
95 -1.118044
96 -0.933235
97 -0.723187
98 -0.493471
99 -0.250170
