1293.921753 1307.026855 1386.860718 1582.816772 1779.736816 2816.365234 4265.579590 2241.248535 2490.571289 3922.824463 2143.406494 1100.275879 885.453918 640.186035 523.367981 432.260834 357.205658 313.023651 265.077362 236.750458 207.220139 185.334976 167.168762 149.636826 137.472931 124.101395 114.656944 105.061577 96.947197 90.162659 83.181602 78.046455 72.381851 68.024429 63.693665 59.746861 56.461853 
13.708032 15.131408 18.402725 19.864506 5.895695 105.066933 1935.377808 5665.520996 5666.506836 1934.382446 104.113884 6.541151 20.031080 17.483065 12.222579 7.340984 3.575921 1.000649 0.567534 1.306508 1.477078 1.284829 0.909206 0.485789 0.117175 0.185021 0.342178 0.389395 0.347895 0.249582 0.129334 0.034214 0.088847 0.139822 0.154809 0.135934 0.094753 
9.636420 12.355091 17.625759 20.454069 7.176632 103.708351 1934.214355 5666.324707 5666.104004 1934.432129 103.909485 6.890194 20.408852 17.808144 12.443024 7.436933 3.558874 0.903794 0.722361 1.463542 1.607406 1.366146 0.935369 0.462944 0.082766 0.265951 0.420943 0.450988 0.381560 0.255163 0.108829 0.050538 0.136670 0.183613 0.186317 0.150463 0.092198 
82.787430 107.851898 124.462303 193.116104 309.775055 347.442810 2314.599854 5259.622559 5365.620605 2438.783203 476.139008 447.967712 363.594330 299.231262 283.636871 255.035934 223.432266 199.176331 171.433060 148.656158 134.971497 123.837852 116.568970 110.978935 104.366508 99.232109 94.808701 90.377502 86.996765 83.563087 80.162460 77.505066 74.804962 72.291344 70.150543 67.883972 65.888237 
14.754767 39.849983 98.986534 186.836761 295.000641 408.937744 509.658264 579.772827 607.840332 588.287537 525.974854 441.694427 350.303009 213.658691 492.280548 794.547302 465.985657 110.910927 156.772720 145.740906 138.156799 133.117538 124.686340 118.027000 112.800781 107.697777 103.230896 98.680283 94.521065 91.213127 87.995338 84.833801 81.912170 79.232307 76.901077 74.650269 72.384354 
0.021809 0.043058 0.089955 0.157266 0.245132 0.335006 0.395442 0.363855 0.129831 0.513437 1.992902 5.380723 14.281506 51.086445 390.578156 637.488342 390.575867 51.089184 14.282628 5.377683 1.983848 0.498104 0.149012 0.383081 0.408476 0.335118 0.225406 0.117589 0.027224 0.033939 0.067205 0.076125 0.067306 0.047539 0.024426 0.002626 0.014163 
0.098507 0.085848 0.070438 0.122557 0.224900 0.335069 0.411206 0.388510 0.157324 0.491917 1.978928 5.375164 14.284047 51.094845 390.566528 637.499817 390.566772 51.094917 14.283975 5.375167 1.978854 0.491470 0.155091 0.387773 0.410887 0.335061 0.223647 0.113772 0.023863 0.037639 0.069744 0.077090 0.066641 0.046319 0.021908 0.002632 0.016429 
52.286427 52.617889 53.063454 54.115692 55.573177 57.410042 60.414165 63.374348 68.968216 74.408142 84.842262 98.886314 121.582756 213.914505 321.281525 344.261414 254.695953 117.435349 18.671923 18.052631 84.484459 190.653442 278.763794 293.759155 229.950836 135.650818 80.103951 66.069206 53.058746 44.654903 39.208782 33.996742 30.640438 27.456417 24.917364 22.882734 20.920231 
0.043542 0.043389 0.038837 0.031667 0.018350 0.012488 0.036574 0.068691 0.101767 0.128320 0.139251 0.114334 0.039856 0.113950 0.366993 0.739130 1.224795 1.750993 2.007949 0.660530 10.406240 193.441727 566.630310 566.596924 193.465927 10.414826 0.670029 2.033177 1.785191 1.258791 0.763570 0.375450 0.104302 0.068803 0.153656 0.173955 0.155411 
0.016517 0.025555 0.037089 0.044246 0.040999 0.025861 0.011697 0.047192 0.092618 0.133672 0.157511 0.140534 0.067236 0.092537 0.355850 0.741668 1.239434 1.773769 2.032871 0.681136 10.394855 193.442337 566.617859 566.617371 193.442657 10.395634 0.681957 2.033314 1.774632 1.240338 0.742191 0.356603 0.091674 0.066987 0.143547 0.156805 0.135176 
3.793505 3.785261 3.872110 4.052523 4.201885 4.448061 4.797825 5.091914 5.535416 6.146906 6.622494 7.304346 8.295378 9.027418 10.250885 12.328790 13.593933 15.910712 22.235899 26.172897 29.898537 222.722412 549.400452 550.307800 218.117050 25.445143 17.329439 18.371914 20.865065 23.845045 27.308359 30.210178 30.832401 29.251186 26.511141 23.049358 19.358725 
6.511431 6.597252 6.721351 6.869760 7.101030 7.433390 7.918070 8.373665 8.895530 9.676095 10.591661 11.605886 12.644479 14.136984 16.399916 18.729620 21.222319 25.317934 33.724449 47.547661 63.675308 78.826271 90.168663 93.832878 90.219490 83.841232 72.640541 74.473480 137.508591 397.241913 542.071472 394.070923 126.859383 57.907875 39.983112 35.085140 27.848331 
0.007038 0.007362 0.005848 0.001199 0.004584 0.010289 0.017264 0.022542 0.022090 0.013924 0.000571 0.019966 0.042886 0.063787 0.074369 0.067255 0.036537 0.023383 0.111288 0.222366 0.332965 0.408958 0.386627 0.154833 0.491222 1.977552 5.373551 14.282708 51.094067 390.568024 637.500854 390.566864 51.096062 14.284985 5.376104 1.979496 0.491744 
0.020374 0.017722 0.011558 0.003991 0.005463 0.024098 0.016582 0.035607 0.025455 0.017047 0.000505 0.022840 0.047656 0.067908 0.078087 0.070867 0.038376 0.026434 0.110582 0.226584 0.335471 0.411594 0.388094 0.155127 0.491702 1.979175 5.375917 14.284420 51.094891 390.565491 637.498596 390.565887 51.094181 14.283655 5.374841 1.978359 0.491683 
30.506441 30.537146 30.635120 30.818651 31.040972 31.381178 31.754723 32.223602 32.828156 33.444870 34.313068 35.148003 36.268307 37.488106 38.865120 40.642147 42.431267 44.883610 47.485088 50.814877 54.799999 59.753376 65.842751 74.571404 84.583214 102.139397 126.289413 166.079697 342.256897 493.326324 218.595215 241.776962 295.588989 157.909958 107.552803 86.869377 68.241508 
