10.65 11.39 11.88 11.91 11.86 11.40 9.97 8.08 7.12 7.60 8.51 9.05 9.44 10.02 10.77 11.63 12.45 12.99 13.24 13.51 14.17 15.15 15.76 15.56 14.61 13.26 12.14 11.46 10.86 10.43 10.59 11.10 11.61 11.94 11.83 11.51 11.67 12.23 12.19 10.96 9.43 9.02 10.05 11.46 12.11 12.03 11.99 12.17 12.17 11.95 11.61 11.16 10.72 10.44 10.68 11.78 13.18 13.49 12.44 11.28 11.28 12.44 13.77 14.48
11.33 11.57 11.69 11.80 11.97 11.71 10.55 9.06 8.41 8.88 9.60 9.93 10.06 10.25 10.71 11.52 12.45 13.13 13.54 13.85 14.24 14.53 14.36 13.78 13.14 12.59 12.22 11.89 11.32 10.72 10.54 10.76 11.15 11.50 11.47 11.32 11.58 12.04 11.85 10.78 9.71 9.66 10.74 12.06 12.64 12.44 12.11 11.93 11.81 11.88 12.07 12.03 11.65 11.02 10.71 11.39 12.61 13.03 12.31 11.54 11.73 12.86 14.16 14.93
12.34 11.88 11.49 11.68 12.20 12.27 11.54 10.58 10.27 10.69 11.15 11.28 11.13 10.82 10.80 11.44 12.43 13.30 13.94 14.31 14.26 13.67 12.66 11.80 11.65 12.07 12.53 12.49 11.77 10.81 10.22 10.14 10.38 10.65 10.74 10.86 11.29 11.63 11.29 10.48 10.03 10.43 11.54 12.69 13.14 12.78 12.12 11.55 11.26 11.54 12.13 12.39 11.98 10.98 10.12 10.30 11.27 11.85 11.71 11.61 12.21 13.38 14.54 15.22
13.30 12.42 11.68 11.88 12.63 12.99 12.59 11.95 11.77 12.06 12.35 12.44 12.21 11.57 11.11 11.44 12.31 13.31 14.19 14.62 14.25 13.17 11.88 11.19 11.48 12.35 13.04 12.86 11.75 10.43 9.70 9.64 9.83 9.98 10.13 10.49 11.02 11.21 10.73 10.09 10.03 10.73 11.89 12.91 13.22 12.77 12.01 11.30 10.88 11.00 11.48 11.70 11.22 10.10 9.07 9.01 9.78 10.50 10.90 11.47 12.55 13.80 14.69 15.07
13.94 13.10 12.37 12.53 13.27 13.68 13.32 12.66 12.39 12.58 12.81 12.92 12.70 12.02 11.41 11.43 12.08 13.12 14.24 14.80 14.44 13.43 12.46 12.15 12.56 13.21 13.49 12.89 11.46 10.02 9.38 9.50 9.84 10.07 10.36 10.85 11.30 11.22 10.52 9.77 9.71 10.51 11.76 12.73 12.97 12.62 12.08 11.55 11.03 10.72 10.75 10.76 10.25 9.19 8.30 8.31 9.12 9.99 10.72 11.68 13.01 14.20 14.69 14.65
13.78 13.39 13.01 13.08 13.57 13.81 13.38 12.68 12.43 12.65 12.83 12.79 12.53 12.01 11.54 11.46 11.94 13.04 14.35 15.05 14.83 14.14 13.62 13.57 13.82 13.94 13.66 12.81 11.51 10.31 9.68 9.71 10.14 10.71 11.32 11.84 11.99 11.57 10.68 9.83 9.67 10.44 11.62 12.44 12.62 12.55 12.50 12.31 11.73 10.97 10.50 10.29 9.77 8.81 8.09 8.32 9.31 10.36 11.30 12.41 13.67 14.54 14.58 14.20
12.49 12.76 12.95 12.97 13.04 13.10 12.86 12.53 12.57 12.87 12.89 12.59 12.27 11.99 11.74 11.64 12.01 13.08 14.40 15.07 14.85 14.38 14.24 14.43 14.55 14.27 13.60 12.76 11.96 11.25 10.58 10.25 10.53 11.32 12.19 12.63 12.42 11.79 11.06 10.50 10.43 10.97 11.75 12.19 12.27 12.47 12.86 12.95 12.38 11.38 10.56 10.14 9.65 8.85 8.32 8.63 9.60 10.69 11.78 13.01 14.11 14.63 14.39 13.89
10.71 11.54 12.27 12.31 12.07 12.05 12.24 12.54 12.92 13.13 12.94 12.56 12.40 12.42 12.31 12.07 12.13 12.80 13.74 14.21 13.95 13.61 13.81 14.35 14.62 14.28 13.49 12.77 12.45 12.23 11.71 11.16 11.17 11.88 12.79 13.14 12.76 12.18 11.83 11.63 11.51 11.58 11.79 11.87 11.87 12.13 12.62 12.81 12.31 11.30 10.33 9.78 9.40 8.90 8.59 8.84 9.51 10.42 11.62 13.00 13.99 14.25 13.95 13.60
9.87 10.72 11.47 11.49 11.14 11.10 11.57 12.30 12.84 12.91 12.67 12.58 12.86 13.18 13.06 12.55 12.09 12.04 12.34 12.62 12.52 12.33 12.64 13.37 13.88 13.82 13.33 12.95 12.99 13.10 12.86 12.39 12.20 12.67 13.51 13.94 13.70 13.29 13.04 12.68 12.07 11.56 11.43 11.55 11.65 11.82 12.12 12.25 11.81 10.86 9.87 9.27 8.98 8.74 8.68 8.94 9.36 10.01 11.16 12.51 13.27 13.23 12.92 12.75
10.53 10.78 10.84 10.49 10.05 9.96 10.44 11.30 11.98 12.22 12.31 12.73 13.44 13.88 13.56 12.67 11.77 11.15 10.97 11.21 11.40 11.34 11.49 12.02 12.58 12.94 13.14 13.41 13.79 14.05 13.95 13.47 12.99 13.18 14.03 14.77 14.87 14.55 14.02 13.16 12.05 11.20 11.11 11.61 12.03 12.16 12.26 12.29 11.84 10.94 9.98 9.29 8.88 8.69 8.85 9.31 9.73 10.17 11.00 11.97 12.31 11.95 11.64 11.64
11.64 11.20 10.34 9.37 8.72 8.53 8.92 9.83 10.88 11.74 12.47 13.33 14.24 14.59 13.94 12.66 11.40 10.53 10.23 10.49 10.87 10.92 10.87 11.05 11.48 12.11 12.94 13.83 14.51 14.76 14.46 13.58 12.61 12.52 13.52 14.70 15.17 14.88 14.12 13.08 11.99 11.25 11.31 12.10 12.78 12.91 12.91 12.93 12.56 11.72 10.78 9.99 9.43 9.15 9.39 10.04 10.58 10.86 11.20 11.60 11.56 11.22 11.22 11.53
11.80 11.13 9.92 8.70 7.93 7.65 7.90 8.83 10.30 11.88 13.21 14.33 15.22 15.45 14.66 13.12 11.52 10.45 10.11 10.33 10.69 10.81 10.73 10.73 11.03 11.68 12.62 13.60 14.27 14.36 13.76 12.49 11.24 11.11 12.27 13.70 14.37 14.21 13.64 12.97 12.33 11.84 11.85 12.52 13.11 13.12 13.07 13.27 13.18 12.51 11.60 10.87 10.35 10.06 10.25 10.86 11.37 11.47 11.38 11.28 11.14 11.19 11.83 12.64
11.14 10.73 9.93 9.05 8.46 8.17 8.25 9.03 10.59 12.47 14.05 15.14 15.83 16.02 15.41 13.95 12.17 10.92 10.52 10.63 10.85 10.99 10.98 11.00 11.27 11.74 12.26 12.70 12.89 12.66 11.97 10.92 10.10 10.27 11.42 12.65 13.25 13.37 13.40 13.33 13.06 12.60 12.37 12.66 12.91 12.61 12.37 12.75 13.14 12.84 12.12 11.60 11.34 11.18 11.28 11.65 11.92 11.82 11.49 11.13 10.94 11.30 12.45 13.64
11.01 11.00 10.80 10.40 10.00 9.72 9.69 10.24 11.51 13.16 14.51 15.21 15.53 15.72 15.51 14.44 12.83 11.67 11.36 11.41 11.51 11.70 11.84 11.95 12.09 12.17 12.05 11.74 11.26 10.70 10.21 9.91 9.96 10.53 11.47 12.26 12.65 13.04 13.61 13.94 13.74 13.21 12.87 12.98 12.91 12.17 11.48 11.76 12.57 12.82 12.40 12.05 12.01 12.06 12.15 12.29 12.28 12.08 11.77 11.38 11.01 11.19 12.30 13.53
11.82 12.12 12.33 12.07 11.49 11.04 10.96 11.39 12.37 13.55 14.35 14.46 14.36 14.62 14.87 14.35 13.18 12.37 12.24 12.26 12.30 12.63 13.04 13.22 13.05 12.52 11.81 11.06 10.30 9.74 9.67 10.12 10.77 11.43 12.10 12.63 12.91 13.28 13.84 14.10 13.83 13.45 13.43 13.68 13.45 12.30 11.11 11.09 12.04 12.66 12.41 11.97 11.90 12.09 12.29 12.38 12.29 12.14 12.05 11.78 11.19 10.89 11.52 12.46
12.41 12.96 13.45 13.15 12.17 11.33 11.11 11.54 12.35 13.13 13.41 13.07 12.81 13.28 14.03 14.04 13.33 12.81 12.71 12.60 12.61 13.06 13.68 13.89 13.39 12.40 11.38 10.63 10.10 9.97 10.47 11.37 12.11 12.53 13.00 13.51 13.72 13.71 13.70 13.48 13.14 13.22 13.86 14.46 14.15 12.77 11.36 11.14 11.99 12.63 12.26 11.49 11.14 11.34 11.72 11.93 11.91 11.90 12.04 11.89 11.14 10.43 10.53 11.04
12.16 12.87 13.53 13.19 11.94 10.80 10.44 10.74 11.32 11.75 11.70 11.28 11.18 11.96 13.08 13.50 13.20 12.86 12.64 12.37 12.33 12.75 13.28 13.43 12.97 12.04 11.12 10.54 10.40 10.79 11.72 12.77 13.31 13.42 13.74 14.24 14.31 13.82 13.14 12.43 12.06 12.66 14.04 15.06 14.75 13.33 12.01 11.79 12.45 12.86 12.25 11.14 10.54 10.73 11.22 11.54 11.61 11.73 11.98 11.86 11.01 10.07 9.80 9.97
12.10 12.74 13.26 12.75 11.40 10.30 10.00 10.11 10.18 10.09 9.80 9.49 9.62 10.56 11.79 12.49 12.59 12.47 12.19 11.86 11.86 12.15 12.41 12.53 12.45 12.06 11.47 11.08 11.19 11.84 12.80 13.57 13.77 13.65 13.84 14.22 14.16 13.48 12.53 11.58 11.19 12.11 14.00 15.38 15.20 13.92 12.81 12.66 13.20 13.44 12.70 11.49 10.80 10.91 11.31 11.61 11.78 12.02 12.32 12.19 11.33 10.36 10.00 10.09
12.64 13.04 13.17 12.40 11.05 10.27 10.32 10.37 9.89 9.14 8.55 8.27 8.46 9.32 10.57 11.53 11.95 11.94 11.59 11.28 11.44 11.77 11.91 12.04 12.30 12.41 12.17 11.98 12.27 12.94 13.51 13.67 13.41 13.16 13.27 13.55 13.56 13.15 12.37 11.40 10.98 11.94 13.91 15.38 15.38 14.37 13.48 13.41 13.98 14.33 13.78 12.70 11.90 11.58 11.51 11.65 11.99 12.47 12.92 12.88 12.17 11.36 11.18 11.46
12.65 12.86 12.81 12.01 10.85 10.42 10.87 11.10 10.41 9.26 8.37 7.94 7.98 8.74 10.10 11.31 11.84 11.66 11.05 10.66 10.95 11.54 11.87 12.06 12.35 12.55 12.48 12.51 12.97 13.52 13.62 13.14 12.49 12.20 12.38 12.73 13.03 13.18 12.81 11.92 11.44 12.25 13.90 15.12 15.21 14.55 13.90 13.90 14.59 15.21 14.98 14.02 12.91 11.91 11.23 11.19 11.76 12.60 13.34 13.54 13.06 12.50 12.56 13.05
11.83 12.03 12.08 11.58 10.80 10.64 11.23 11.67 11.28 10.27 9.26 8.53 8.27 8.91 10.28 11.51 11.92 11.51 10.69 10.17 10.44 11.23 11.94 12.35 12.52 12.45 12.27 12.37 12.89 13.31 13.05 12.21 11.42 11.27 11.61 12.05 12.62 13.28 13.38 12.66 12.11 12.64 13.78 14.57 14.69 14.36 13.96 13.98 14.68 15.43 15.31 14.27 12.83 11.46 10.59 10.63 11.47 12.65 13.60 13.87 13.50 13.09 13.26 13.79
11.43 11.59 11.70 11.53 11.23 11.31 11.81 12.26 12.24 11.68 10.78 9.82 9.27 9.63 10.65 11.45 11.62 11.25 10.61 10.17 10.31 11.06 12.04 12.77 12.97 12.62 12.06 11.91 12.26 12.53 12.14 11.28 10.70 10.79 11.21 11.57 12.14 13.06 13.54 13.03 12.37 12.47 13.09 13.56 13.71 13.60 13.33 13.31 13.94 14.65 14.45 13.25 11.74 10.60 10.17 10.56 11.65 12.99 13.84 13.81 13.21 12.66 12.69 13.08
11.77 11.81 11.84 11.89 12.08 12.45 12.81 13.05 13.05 12.68 11.98 11.17 10.63 10.71 11.10 11.31 11.31 11.26 11.12 10.92 10.91 11.39 12.30 13.22 13.63 13.22 12.28 11.57 11.45 11.49 11.11 10.51 10.33 10.77 11.29 11.52 11.87 12.67 13.19 12.78 11.96 11.59 11.76 12.07 12.30 12.32 12.11 12.08 12.67 13.31 13.03 11.87 10.67 10.10 10.29 11.01 12.08 13.22 13.72 13.21 12.14 11.21 10.91 11.06
11.97 12.00 12.07 12.33 12.80 13.28 13.53 13.52 13.19 12.60 12.08 11.85 11.83 11.85 11.71 11.52 11.59 11.90 12.12 12.09 11.99 12.12 12.65 13.44 14.01 13.76 12.64 11.42 10.77 10.55 10.26 9.95 10.15 10.95 11.80 12.12 12.18 12.46 12.60 12.09 11.19 10.53 10.41 10.67 11.02 11.19 11.11 11.19 11.74 12.23 11.91 11.02 10.33 10.30 10.87 11.61 12.28 12.84 12.85 12.01 10.70 9.57 9.03 8.99
11.87 12.13 12.46 12.83 13.13 13.28 13.34 13.19 12.56 11.67 11.34 11.85 12.52 12.65 12.22 11.89 12.08 12.52 12.82 12.89 12.79 12.63 12.60 12.96 13.47 13.37 12.38 11.17 10.50 10.34 10.17 9.98 10.23 11.18 12.38 12.99 12.86 12.48 12.02 11.36 10.59 10.02 9.90 10.16 10.57 10.87 10.97 11.13 11.60 11.91 11.58 10.97 10.67 10.88 11.49 12.06 12.28 12.21 11.80 10.93 9.83 8.91 8.45 8.37
12.17 12.70 13.27 13.54 13.38 13.00 12.76 12.50 11.77 10.86 10.72 11.61 12.65 12.92 12.51 12.11 12.13 12.42 12.77 13.02 12.96 12.47 11.83 11.60 11.79 11.78 11.28 10.83 10.94 11.28 11.23 10.79 10.62 11.30 12.59 13.49 13.41 12.62 11.68 10.92 10.44 10.28 10.38 10.64 10.99 11.28 11.41 11.54 11.89 12.14 11.97 11.59 11.35 11.36 11.69 12.11 12.26 12.09 11.66 10.99 10.24 9.59 9.24 9.18
13.04 13.56 14.06 14.14 13.71 13.06 12.61 12.20 11.48 10.70 10.57 11.37 12.41 12.90 12.79 12.38 11.99 11.98 12.40 12.79 12.61 11.76 10.66 9.97 9.84 9.93 10.13 10.77 11.94 12.90 12.85 11.94 11.09 11.21 12.24 13.26 13.46 12.76 11.67 10.83 10.57 10.82 11.24 11.54 11.71 11.76 11.70 11.70 11.98 12.36 12.53 12.44 12.10 11.61 11.40 11.66 12.08 12.37 12.42 12.16 11.60 10.88 10.34 10.16
13.58 13.79 13.98 13.98 13.64 13.11 12.67 12.22 11.56 10.78 10.44 10.94 11.97 12.85 13.22 12.93 12.24 11.91 12.19 12.41 11.97 10.99 9.96 9.28 9.03 9.19 9.83 11.06 12.66 13.82 13.74 12.58 11.37 11.05 11.66 12.53 12.98 12.68 11.78 10.94 10.80 11.36 12.10 12.45 12.28 11.80 11.33 11.20 11.60 12.28 12.85 13.05 12.68 11.79 11.04 10.96 11.44 12.17 12.87 13.16 12.78 11.85 10.94 10.50
12.91 12.84 12.82 12.82 12.66 12.38 12.15 11.90 11.39 10.59 9.98 10.27 11.42 12.74 13.60 13.59 12.86 12.28 12.24 12.15 11.57 10.88 10.44 10.17 9.93 9.94 10.44 11.39 12.52 13.26 13.10 12.21 11.30 11.00 11.29 11.81 12.24 12.23 11.62 10.95 11.02 11.92 12.94 13.22 12.54 11.43 10.54 10.36 11.04 12.15 13.02 13.33 12.96 11.97 10.91 10.39 10.57 11.37 12.48 13.27 13.20 12.27 11.10 10.36
11.50 11.33 11.24 11.23 11.15 11.07 11.12 11.14 10.87 10.19 9.56 9.76 10.96 12.54 13.75 14.01 13.36 12.62 12.43 12.34 11.93 11.64 11.77 11.91 11.73 11.44 11.38 11.61 11.88 11.85 11.47 11.00 10.75 10.84 11.09 11.30 11.49 11.46 10.99 10.53 10.87 12.09 13.28 13.41 12.37 10.96 9.96 9.86 10.79 12.19 13.15 13.36 12.93 12.03 10.96 10.17 10.00 10.64 11.90 13.03 13.30 12.53 11.23 10.26
10.48 10.34 10.28 10.31 10.32 10.39 10.53 10.62 10.46 9.98 9.50 9.68 10.74 12.30 13.68 14.11 13.45 12.63 12.60 12.91 12.81 12.59 12.79 13.15 13.17 12.76 12.24 11.90 11.55 10.94 10.29 10.00 10.17 10.58 10.88 10.92 10.84 10.62 10.17 9.83 10.25 11.47 12.57 12.64 11.70 10.53 9.81 9.92 10.93 12.27 13.05 13.05 12.59 11.82 10.85 10.03 9.76 10.34 11.68 13.04 13.55 12.90 11.59 10.54
10.16 10.26 10.50 10.76 10.92 10.93 10.83 10.69 10.49 10.09 9.70 9.82 10.70 12.21 13.72 14.22 13.41 12.47 12.63 13.36 13.43 12.97 12.86 13.29 13.61 13.35 12.72 12.23 11.84 11.30 10.76 10.52 10.68 10.97 11.04 10.86 10.59 10.27 9.82 9.44 9.60 10.34 11.03 11.14 10.75 10.26 10.05 10.39 11.26 12.14 12.47 12.24 11.81 11.19 10.32 9.60 9.53 10.33 11.80 13.21 13.75 13.20 12.10 11.26
10.22 10.83 11.63 12.21 12.40 12.11 11.52 11.03 10.77 10.42 10.01 9.98 10.73 12.34 14.07 14.58 13.59 12.49 12.66 13.48 13.51 12.77 12.38 12.78 13.29 13.16 12.62 12.26 12.22 12.33 12.41 12.43 12.43 12.34 11.97 11.47 11.05 10.69 10.22 9.67 9.36 9.37 9.49 9.67 10.02 10.41 10.75 11.15 11.56 11.69 11.43 11.02 10.69 10.25 9.60 9.13 9.41 10.57 12.12 13.30 13.56 13.04 12.35 11.93
10.41 11.56 12.88 13.61 13.70 13.19 12.27 11.49 11.13 10.87 10.53 10.41 11.04 12.66 14.40 14.88 13.88 12.86 12.99 13.64 13.48 12.56 12.00 12.26 12.68 12.58 12.17 11.97 12.18 12.80 13.54 13.95 13.98 13.75 13.23 12.58 12.04 11.57 11.00 10.32 9.70 9.16 8.78 8.94 9.81 10.89 11.58 11.78 11.54 10.95 10.34 9.97 9.84 9.68 9.39 9.25 9.77 11.09 12.55 13.31 13.08 12.37 11.89 11.75
10.33 11.78 13.36 14.12 14.23 13.95 13.25 12.35 11.72 11.41 11.26 11.29 11.88 13.19 14.50 14.71 13.90 13.25 13.51 13.99 13.65 12.60 11.81 11.77 11.98 11.94 11.81 11.73 11.81 12.37 13.26 13.90 14.11 14.11 13.89 13.42 12.84 12.25 11.65 11.10 10.53 9.78 9.09 9.07 10.01 11.30 12.02 11.89 11.15 10.28 9.77 9.70 9.84 10.04 10.16 10.24 10.66 11.75 12.97 13.40 12.73 11.63 10.86 10.60
9.90 11.35 12.93 13.73 14.07 14.39 14.27 13.41 12.41 11.93 11.98 12.34 13.01 13.93 14.52 14.24 13.47 13.14 13.57 14.00 13.58 12.44 11.50 11.22 11.32 11.49 11.76 11.83 11.60 11.66 12.22 12.70 12.95 13.25 13.48 13.37 12.96 12.46 12.07 11.81 11.45 10.70 9.86 9.65 10.41 11.53 12.05 11.72 10.89 10.17 9.99 10.22 10.59 11.11 11.59 11.77 11.88 12.45 13.30 13.57 12.76 11.31 10.04 9.38
9.85 11.10 12.52 13.28 13.78 14.50 14.80 14.05 12.91 12.38 12.54 13.07 13.80 14.44 14.51 13.81 12.89 12.55 12.95 13.31 12.83 11.74 10.96 10.83 11.05 11.46 12.03 12.18 11.65 11.20 11.28 11.40 11.43 11.73 12.25 12.60 12.68 12.59 12.51 12.46 12.15 11.34 10.43 10.16 10.77 11.61 11.93 11.64 11.11 10.76 10.81 11.09 11.50 12.15 12.82 13.03 12.88 12.98 13.45 13.64 12.94 11.44 9.85 8.87
10.67 11.72 12.88 13.43 13.74 14.35 14.69 14.11 13.21 12.83 12.94 13.24 13.74 14.23 14.25 13.55 12.56 12.09 12.31 12.45 11.85 10.94 10.66 11.05 11.54 12.05 12.62 12.57 11.70 10.93 10.75 10.62 10.33 10.37 10.95 11.77 12.46 12.84 13.00 12.97 12.52 11.54 10.54 10.24 10.73 11.36 11.60 11.58 11.56 11.66 11.85 12.02 12.20 12.59 13.07 13.22 13.02 12.95 13.17 13.28 12.77 11.50 9.93 8.84
11.66 12.54 13.48 13.76 13.74 14.03 14.23 13.88 13.43 13.30 13.21 13.04 13.13 13.56 13.85 13.50 12.63 12.07 12.15 12.12 11.45 10.82 11.11 12.03 12.73 13.16 13.42 12.96 11.75 10.79 10.57 10.42 9.99 9.77 10.26 11.33 12.37 12.94 13.12 13.01 12.48 11.49 10.44 9.94 10.17 10.64 11.03 11.47 12.03 12.58 12.93 12.94 12.66 12.42 12.39 12.43 12.41 12.49 12.61 12.52 12.05 11.05 9.71 8.69
12.13 12.75 13.42 13.54 13.41 13.53 13.65 13.51 13.45 13.51 13.28 12.78 12.63 13.13 13.75 13.69 12.86 12.17 12.16 12.19 11.73 11.43 12.04 13.10 13.76 14.01 13.94 13.13 11.77 10.81 10.63 10.58 10.24 9.96 10.28 11.20 12.18 12.68 12.71 12.51 12.15 11.53 10.64 9.83 9.57 9.80 10.40 11.37 12.51 13.43 13.85 13.62 12.80 11.88 11.42 11.51 11.90 12.31 12.39 11.98 11.29 10.42 9.41 8.68
12.50 12.63 12.77 12.68 12.58 12.74 12.92 12.98 13.14 13.24 12.95 12.44 12.37 13.06 13.89 13.88 12.89 11.96 11.86 12.10 12.05 12.06 12.62 13.38 13.80 13.95 13.74 12.80 11.52 10.78 10.73 10.86 10.78 10.58 10.65 11.18 11.86 12.22 12.16 11.97 11.90 11.78 11.16 10.17 9.50 9.50 10.17 11.44 12.92 13.98 14.25 13.71 12.59 11.46 10.99 11.36 12.13 12.76 12.75 12.06 11.12 10.25 9.62 9.31
12.88 12.52 12.04 11.60 11.41 11.59 11.92 12.25 12.59 12.69 12.38 11.95 12.03 12.83 13.63 13.47 12.32 11.29 11.20 11.65 11.94 12.09 12.39 12.76 13.08 13.32 13.10 12.15 11.05 10.60 10.80 11.18 11.38 11.28 11.16 11.37 11.84 12.09 12.00 11.87 11.92 11.92 11.40 10.48 9.88 9.94 10.59 11.76 13.12 14.01 14.04 13.32 12.27 11.48 11.41 12.04 12.86 13.30 13.11 12.42 11.54 10.77 10.42 10.46
12.55 11.95 11.20 10.59 10.29 10.42 10.90 11.58 12.22 12.44 12.12 11.64 11.66 12.28 12.70 12.19 11.02 10.22 10.39 11.05 11.51 11.67 11.72 11.94 12.45 12.92 12.72 11.73 10.71 10.45 10.89 11.49 11.81 11.75 11.71 12.05 12.56 12.73 12.51 12.20 11.98 11.65 10.98 10.25 10.04 10.42 11.11 12.02 13.03 13.67 13.53 12.73 11.88 11.53 11.85 12.54 13.04 13.00 12.62 12.27 11.97 11.62 11.50 11.67
11.43 10.77 10.11 9.80 9.80 10.08 10.69 11.61 12.55 13.00 12.72 12.13 11.95 12.17 11.93 10.87 9.64 9.22 9.80 10.69 11.25 11.36 11.27 11.51 12.31 13.05 12.91 11.85 10.72 10.41 11.03 11.82 12.12 12.06 12.30 13.06 13.80 13.88 13.30 12.48 11.74 11.06 10.29 9.72 9.79 10.38 11.12 11.90 12.68 13.14 12.85 11.91 11.05 10.85 11.27 11.83 11.98 11.58 11.18 11.33 11.86 12.24 12.48 12.72
10.75 10.04 9.56 9.80 10.46 11.13 11.73 12.49 13.41 14.06 14.01 13.54 13.28 13.13 12.29 10.66 9.20 8.92 9.78 10.88 11.47 11.45 11.17 11.31 12.19 13.15 13.21 12.20 10.90 10.47 11.22 12.21 12.53 12.49 12.91 13.88 14.69 14.65 13.65 12.23 11.10 10.42 9.88 9.49 9.58 10.07 10.71 11.46 12.21 12.57 12.11 10.94 9.85 9.52 9.86 10.33 10.40 10.03 9.79 10.29 11.38 12.32 12.91 13.27
11.37 10.69 10.36 10.92 12.01 12.92 13.28 13.48 14.03 14.73 15.02 14.88 14.73 14.44 13.39 11.52 9.84 9.43 10.29 11.41 11.90 11.66 11.14 10.99 11.64 12.62 12.96 12.19 10.97 10.55 11.36 12.42 12.82 12.85 13.21 13.98 14.57 14.42 13.28 11.61 10.37 9.92 9.76 9.64 9.72 9.94 10.32 10.98 11.73 12.07 11.54 10.27 9.03 8.55 8.84 9.40 9.68 9.52 9.42 9.97 11.07 12.04 12.57 12.84
12.60 12.10 11.83 12.27 13.25 14.09 14.22 13.97 14.08 14.61 15.02 15.07 14.95 14.67 13.81 12.26 10.76 10.33 11.09 12.06 12.34 11.93 11.26 10.80 10.97 11.70 12.23 11.92 11.06 10.71 11.28 12.06 12.40 12.46 12.67 13.04 13.32 13.25 12.52 11.26 10.22 9.85 9.91 10.06 10.15 10.07 10.12 10.58 11.21 11.49 11.03 9.93 8.81 8.37 8.75 9.56 10.12 10.09 9.92 10.29 11.15 11.81 11.92 11.80
13.35 13.02 12.64 12.58 13.07 13.77 14.05 13.88 13.81 14.04 14.22 14.08 13.73 13.38 12.89 12.08 11.27 11.22 12.05 12.90 13.05 12.64 12.00 11.25 10.80 11.04 11.66 11.90 11.50 11.06 11.01 11.12 11.19 11.25 11.37 11.45 11.48 11.58 11.59 11.26 10.77 10.53 10.64 10.91 10.93 10.53 10.21 10.31 10.58 10.65 10.28 9.52 8.83 8.67 9.22 10.25 11.00 10.95 10.58 10.69 11.34 11.82 11.64 11.20
13.42 13.15 12.50 11.81 11.77 12.42 13.15 13.45 13.48 13.45 13.25 12.69 11.96 11.53 11.48 11.49 11.53 12.01 12.96 13.71 13.85 13.63 13.11 12.10 11.02 10.74 11.36 12.03 12.03 11.45 10.72 10.17 9.97 10.06 10.21 10.16 9.97 10.00 10.38 10.88 11.27 11.56 11.90 12.20 12.03 11.35 10.72 10.41 10.22 9.97 9.60 9.18 9.03 9.31 10.03 11.09 11.87 11.76 11.15 10.91 11.33 11.84 11.83 11.51
13.29 12.98 12.10 11.04 10.66 11.28 12.32 13.04 13.22 13.06 12.57 11.71 10.83 10.51 10.88 11.44 11.93 12.58 13.31 13.75 13.92 14.01 13.68 12.51 11.06 10.46 10.97 11.76 11.95 11.37 10.44 9.76 9.63 9.86 10.06 9.98 9.56 9.13 9.20 9.93 11.08 12.20 13.08 13.53 13.24 12.37 11.55 11.01 10.55 10.09 9.59 9.26 9.47 10.17 11.04 11.97 12.62 12.46 11.66 11.02 11.07 11.62 12.12 12.34
13.29 12.99 12.22 11.24 10.73 11.04 11.89 12.61 12.89 12.81 12.39 11.66 11.01 10.90 11.33 11.87 12.26 12.62 12.82 12.85 13.07 13.47 13.33 12.22 10.84 10.22 10.47 10.95 11.05 10.58 10.01 9.91 10.28 10.74 11.03 10.98 10.38 9.41 8.85 9.31 10.71 12.38 13.76 14.49 14.32 13.50 12.66 12.09 11.60 11.02 10.27 9.68 9.84 10.71 11.62 12.29 12.73 12.69 12.04 11.26 10.98 11.44 12.33 13.04
13.36 13.21 12.86 12.32 11.77 11.52 11.71 12.02 12.25 12.45 12.50 12.31 12.11 12.04 12.05 12.06 12.04 11.99 11.83 11.75 12.07 12.53 12.40 11.54 10.64 10.22 10.12 10.06 9.90 9.60 9.55 10.12 11.03 11.77 12.27 12.40 11.78 10.57 9.71 9.90 11.05 12.58 13.93 14.77 14.89 14.42 13.83 13.40 12.99 12.35 11.36 10.37 10.17 10.83 11.49 11.69 11.83 11.99 11.87 11.46 11.24 11.60 12.43 13.16
12.91 13.03 13.28 13.38 13.03 12.42 11.92 11.58 11.53 11.89 12.40 12.84 13.12 13.03 12.54 12.00 11.55 11.13 10.85 10.98 11.39 11.57 11.20 10.63 10.36 10.28 9.99 9.60 9.35 9.25 9.45 10.14 11.13 12.09 12.90 13.28 12.79 11.79 11.21 11.46 12.22 13.07 13.79 14.31 14.58 14.60 14.53 14.46 14.24 13.70 12.77 11.66 11.03 11.13 11.23 10.87 10.54 10.63 10.88 11.02 11.16 11.52 12.06 12.49
11.66 12.10 12.97 13.77 13.89 13.36 12.51 11.63 11.11 11.26 11.91 12.78 13.49 13.54 12.97 12.29 11.59 10.84 10.48 10.74 11.06 10.78 10.09 9.69 9.85 10.13 10.07 9.87 9.85 9.96 10.12 10.41 10.99 11.85 12.76 13.28 13.01 12.43 12.36 12.83 13.31 13.55 13.58 13.59 13.71 13.99 14.43 14.88 15.02 14.83 14.36 13.49 12.54 11.94 11.43 10.63 9.85 9.54 9.71 10.04 10.39 10.75 11.05 11.24
10.27 10.82 11.96 13.26 14.00 13.91 13.17 12.12 11.25 11.01 11.49 12.49 13.42 13.68 13.36 12.88 12.23 11.41 10.99 11.15 11.17 10.54 9.65 9.24 9.51 10.07 10.54 10.88 11.19 11.42 11.39 11.18 11.16 11.54 12.17 12.66 12.65 12.41 12.55 13.01 13.43 13.63 13.60 13.39 13.24 13.41 14.02 14.78 15.23 15.43 15.51 15.10 14.08 13.01 12.07 11.09 10.10 9.47 9.37 9.54 9.74 9.85 9.92 9.99
9.67 9.87 10.68 12.07 13.39 14.03 13.82 13.00 12.07 11.52 11.68 12.51 13.36 13.59 13.35 13.08 12.70 12.22 11.99 12.01 11.70 10.85 9.97 9.62 9.91 10.68 11.62 12.40 12.83 12.85 12.47 11.84 11.32 11.14 11.37 11.82 12.03 11.91 11.85 12.07 12.64 13.42 13.95 13.91 13.61 13.55 13.95 14.56 14.99 15.34 15.73 15.69 14.91 13.79 12.78 11.86 10.99 10.37 10.15 10.17 10.11 9.85 9.59 9.53
10.36 9.99 10.12 11.24 12.86 14.07 14.35 13.86 13.07 12.44 12.35 12.88 13.41 13.25 12.69 12.39 12.47 12.70 12.92 12.89 12.29 11.26 10.47 10.37 10.88 11.78 12.87 13.76 14.02 13.57 12.72 11.89 11.23 10.79 10.79 11.24 11.56 11.32 10.87 10.79 11.58 13.04 14.14 14.29 13.96 13.85 14.06 14.29 14.43 14.68 15.06 15.18 14.70 13.86 13.09 12.49 11.94 11.51 11.38 11.49 11.49 11.07 10.56 10.36
11.98 11.36 11.12 11.88 13.21 14.18 14.34 13.94 13.44 13.06 13.01 13.36 13.50 12.80 11.71 11.29 11.87 12.92 13.68 13.68 12.85 11.59 10.77 10.91 11.68 12.54 13.38 14.01 14.01 13.29 12.35 11.74 11.39 11.02 10.92 11.33 11.60 11.06 10.15 9.82 10.74 12.44 13.60 13.66 13.36 13.48 13.77 13.78 13.69 13.85 14.12 14.15 13.80 13.25 12.83 12.60 12.36 12.14 12.21 12.67 13.06 12.84 12.25 11.89
13.45 13.11 13.08 13.59 14.13 14.11 13.60 13.18 13.13 13.24 13.43 13.75 13.69 12.69 11.30 10.77 11.60 13.17 14.31 14.37 13.42 12.00 11.06 11.22 11.99 12.58 12.85 12.97 12.80 12.26 11.78 11.73 11.91 11.85 11.73 11.98 12.06 11.25 10.06 9.63 10.46 11.89 12.69 12.56 12.39 12.77 13.19 13.11 12.98 13.21 13.40 13.23 12.83 12.46 12.27 12.22 12.14 12.12 12.48 13.30 14.04 13.99 13.27 12.64
13.81 14.00 14.42 14.74 14.45 13.49 12.53 12.38 12.93 13.44 13.68 13.91 13.85 13.00 11.76 11.17 11.83 13.36 14.59 14.68 13.72 12.27 11.25 11.25 11.77 11.96 11.70 11.41 11.26 11.19 11.27 11.71 12.38 12.75 12.72 12.73 12.60 11.85 10.89 10.57 11.11 11.90 12.22 12.08 12.16 12.69 12.97 12.70 12.55 12.78 12.79 12.38 12.01 11.89 11.89 11.90 11.92 12.08 12.57 13.36 13.93 13.69 12.72 11.86
13.29 13.73 14.31 14.45 13.80 12.59 11.75 12.13 13.27 13.96 13.97 13.87 13.72 13.20 12.42 11.93 12.27 13.44 14.52 14.55 13.51 12.00 10.90 10.69 10.95 10.93 10.55 10.30 10.45 10.81 11.20 11.84 12.77 13.45 13.54 13.40 13.25 12.92 12.57 12.49 12.55 12.55 12.42 12.39 12.77 13.33 13.33 12.73 12.35 12.33 12.01 11.45 11.29 11.61 11.93 12.07 12.18 12.40 12.69 12.89 12.76 12.14 11.24 10.58
12.95 13.09 13.30 13.30 12.84 11.99 11.47 12.15 13.59 14.46 14.41 13.95 13.47 13.06 12.72 12.50 12.73 13.61 14.43 14.22 12.92 11.21 9.95 9.59 9.79 9.91 9.89 10.12 10.70 11.23 11.60 12.17 13.07 13.81 14.04 14.11 14.29 14.45 14.52 14.41 13.95 13.29 12.83 12.90 13.54 14.18 13.98 12.99 12.18 11.78 11.28 10.76 10.88 11.62 12.27 12.52 12.68 12.94 12.97 12.42 11.43 10.60 10.34 10.44
13.34 12.81 12.36 12.28 12.26 11.89 11.46 11.93 13.31 14.52 14.87 14.39 13.58 13.00 12.83 12.87 13.19 13.93 14.46 13.91 12.27 10.32 8.90 8.44 8.69 9.13 9.72 10.61 11.54 11.93 11.91 12.13 12.83 13.58 14.22 14.95 15.71 16.10 16.01 15.48 14.59 13.62 13.04 13.21 14.13 15.00 14.73 13.36 12.06 11.43 11.06 10.77 11.04 11.88 12.59 12.79 12.99 13.47 13.60 12.65 11.03 10.12 10.65 11.63
13.94 12.87 11.94 11.83 12.14 12.02 11.49 11.60 12.80 14.31 15.15 14.87 13.91 13.14 12.94 13.08 13.51 14.22 14.55 13.73 11.86 9.75 8.24 7.72 7.97 8.63 9.68 11.08 12.21 12.38 11.90 11.74 12.22 13.08 14.20 15.60 16.82 17.21 16.73 15.75 14.63 13.60 13.04 13.32 14.49 15.60 15.34 13.71 12.09 11.42 11.28 11.18 11.43 12.16 12.72 12.81 13.07 13.86 14.28 13.27 11.34 10.38 11.35 12.85
