11.50 19.00 17.00 11.00 17.50 17.00 18.50 10.00 11.50 10.00 17.50 14.00 10.00 18.50 14.50 17.50 15.50 18.00 12.50 20.00 10.50 21.00 21.50 21.50 22.00 18.00 10.50 20.00 16.50 10.50 15.00 18.00 11.50 18.00 17.00 13.50 17.00 14.00 21.50 18.50 11.00 13.50 11.00 19.50 13.50 15.50 12.50 17.50 21.00 13.50 16.00 11.00 10.50 11.00 17.00 10.50 16.50 21.50 11.50 17.50 11.50 15.00 21.00 13.50
10.00 21.50 18.00 20.00 16.00 10.50 19.00 11.00 11.00 15.00 16.00 10.00 19.50 12.00 17.50 11.50 16.50 20.00 18.00 19.00 14.00 20.50 13.00 13.50 19.50 13.00 18.00 10.00 19.00 10.00 17.50 21.50 13.00 22.00 12.50 19.00 11.00 16.00 15.50 13.50 13.50 12.00 16.50 18.00 17.50 18.50 14.00 20.50 10.00 15.00 21.00 18.00 21.50 21.50 11.50 22.00 20.00 22.00 15.50 13.50 13.50 19.00 17.00 20.00
20.50 14.50 10.00 10.50 19.00 21.00 15.50 16.00 13.50 19.00 17.00 17.00 16.00 13.50 10.00 22.00 17.50 10.50 15.50 15.00 18.00 21.50 21.50 11.00 12.50 16.50 16.50 20.00 14.50 21.00 15.50 10.00 11.50 20.50 18.50 10.50 18.00 22.00 20.50 12.00 17.00 15.50 15.50 15.50 21.00 14.50 14.50 20.50 11.50 18.00 19.00 12.50 22.00 18.50 11.00 11.50 18.00 16.50 16.00 18.00 18.00 13.50 16.00 21.00
20.50 12.50 13.00 21.00 15.50 16.50 13.00 17.00 12.50 20.50 16.00 10.00 20.50 17.50 13.50 10.00 19.00 21.00 20.50 20.50 19.00 11.50 10.00 12.50 11.00 15.50 18.50 19.00 17.50 15.50 10.50 16.00 12.00 11.00 12.00 18.00 14.00 16.00 11.50 10.50 18.00 18.00 12.50 22.00 13.00 21.00 14.00 16.00 11.00 11.50 22.00 14.50 14.00 15.00 10.00 12.00 13.00 15.50 15.50 14.00 16.50 21.50 15.50 17.50
16.00 19.50 13.50 11.50 15.50 16.00 19.00 20.00 18.50 17.00 16.00 22.00 22.00 15.50 14.00 20.00 17.00 10.00 17.00 19.00 17.00 20.00 12.00 18.00 15.50 21.00 11.00 22.00 12.00 11.00 14.00 21.00 20.50 14.50 12.00 12.00 11.50 16.50 11.00 21.00 12.00 15.00 20.00 12.00 21.50 11.50 17.50 13.50 21.00 11.00 15.00 16.50 11.00 21.00 12.00 19.00 12.50 11.50 11.50 13.50 10.00 19.50 17.00 16.50
20.50 17.00 14.50 20.00 21.50 21.00 20.00 11.00 11.00 20.00 10.00 15.00 13.00 20.50 10.00 16.50 10.50 18.00 19.00 14.50 13.00 19.00 15.00 21.00 22.00 17.00 20.00 20.50 11.00 13.00 10.50 11.00 12.50 15.50 14.00 20.50 19.50 20.00 19.50 10.00 12.50 10.00 14.50 18.50 18.00 18.50 14.00 11.00 19.50 14.50 10.50 18.50 15.00 10.50 10.50 10.50 14.50 21.00 15.50 19.50 18.50 22.00 20.50 17.00
17.00 18.50 21.50 11.00 17.50 20.50 14.00 18.00 12.50 20.00 17.00 19.00 16.00 12.00 19.00 19.50 19.00 10.50 20.50 22.00 22.00 22.00 18.00 10.00 17.00 12.00 17.00 14.00 18.50 22.00 14.50 16.50 15.50 19.50 20.00 16.00 18.00 14.00 17.50 11.00 13.50 14.00 20.00 18.00 10.00 11.50 21.50 22.00 18.50 10.50 17.00 12.50 22.00 13.00 16.00 10.00 20.00 17.50 10.00 22.00 13.50 16.00 17.50 10.50
12.50 10.00 22.00 12.50 13.50 11.00 15.00 17.50 11.00 20.00 20.00 12.00 15.00 16.50 14.00 10.50 10.00 22.00 21.50 21.50 10.00 13.00 21.00 22.00 21.50 17.50 17.00 16.50 10.00 21.00 16.50 11.00 13.50 12.50 15.50 18.00 14.50 12.00 13.50 17.50 20.00 20.00 12.00 21.50 14.50 20.00 21.50 13.00 20.50 20.00 18.50 14.00 14.00 12.00 14.00 15.50 15.00 13.50 20.00 12.50 21.50 18.00 19.00 19.00
10.00 17.50 21.00 20.50 11.00 20.00 16.00 20.00 22.00 17.50 18.00 12.50 20.00 17.00 21.00 18.50 18.50 12.50 10.50 19.50 19.50 11.00 15.50 16.00 18.00 21.00 21.50 10.50 18.50 19.00 14.50 16.00 18.50 10.00 18.00 19.50 11.00 16.00 14.00 21.50 12.50 18.00 16.50 13.50 11.50 16.50 10.50 16.50 11.50 16.50 10.00 12.00 20.00 18.50 12.00 19.00 10.00 13.50 15.50 16.00 21.50 14.50 19.50 18.00
14.00 10.50 11.50 15.50 18.00 14.00 12.50 14.00 19.50 13.00 10.50 21.50 13.00 18.00 18.00 17.00 18.00 19.00 10.00 13.50 18.50 14.00 13.50 20.50 13.50 15.00 12.00 13.50 20.00 11.00 18.00 19.00 15.50 21.00 20.00 18.00 22.00 19.00 22.00 17.50 15.00 11.00 14.00 17.00 19.50 10.50 12.50 20.50 14.00 14.00 11.50 11.50 11.00 10.00 11.50 14.50 13.00 13.00 11.50 16.00 21.00 10.00 14.00 14.50
20.00 20.50 17.50 11.00 19.00 12.00 17.00 16.50 16.00 12.50 17.00 11.50 18.00 19.50 15.00 13.00 10.50 19.00 14.50 10.00 22.00 13.00 10.00 14.50 10.50 20.50 20.00 18.50 21.00 15.50 20.00 21.50 17.50 16.00 19.00 18.50 18.50 16.00 21.00 16.50 16.00 14.50 11.00 15.50 20.50 16.50 21.50 17.00 17.50 15.00 22.00 19.00 13.00 18.50 11.00 19.50 19.00 17.00 13.50 21.00 13.50 13.00 14.00 12.00
16.00 20.50 12.00 10.00 11.00 10.00 11.50 11.50 11.00 20.50 20.50 15.00 22.00 16.50 20.50 12.00 17.50 15.00 11.00 20.50 12.50 21.50 20.00 18.50 16.50 10.00 14.50 20.50 20.00 18.00 22.00 15.00 11.00 10.50 11.00 21.50 20.00 18.00 14.00 10.50 17.50 20.50 11.00 22.00 19.00 19.50 10.50 22.00 11.50 21.50 11.00 13.50 17.50 13.00 16.00 13.50 14.50 20.00 11.00 20.50 17.00 16.00 14.50 21.00
15.00 13.00 18.00 13.50 12.00 15.50 10.00 13.50 16.50 14.00 17.50 14.00 21.50 19.50 18.50 22.00 13.00 10.50 18.00 14.00 11.50 11.50 11.00 10.50 19.00 14.00 16.50 10.50 19.50 18.50 14.50 20.50 10.50 12.00 15.50 15.50 15.50 15.50 19.50 14.00 16.00 18.00 15.00 13.00 19.50 13.00 15.50 22.00 21.50 12.50 17.50 14.00 16.50 12.50 10.50 20.00 12.00 19.50 14.00 11.50 11.00 18.50 13.50 21.50
13.00 15.50 12.50 13.50 20.00 17.00 13.00 13.50 13.00 20.00 20.00 18.50 22.00 13.50 22.00 18.00 21.50 10.00 21.50 10.00 17.50 20.00 19.00 12.00 14.50 18.50 21.50 14.50 13.50 14.00 14.00 12.50 10.50 20.00 17.00 17.50 16.50 10.00 20.50 17.50 20.50 16.50 14.00 14.50 14.50 16.50 10.00 10.50 21.00 19.00 11.00 20.00 17.00 20.50 17.50 18.00 17.50 13.50 19.00 14.00 16.00 14.50 16.00 20.00
14.50 14.00 16.00 18.00 10.00 18.50 18.50 19.00 16.50 11.00 21.00 18.00 13.50 19.00 21.00 13.00 20.50 10.00 18.50 20.00 14.00 17.50 14.00 17.00 19.00 14.50 12.00 19.00 13.50 10.50 10.50 14.50 18.00 17.50 11.50 20.00 12.00 16.50 17.50 22.00 15.50 18.00 14.50 20.50 21.50 19.50 13.50 12.50 12.50 22.00 14.50 17.00 16.00 18.50 13.50 17.50 17.50 13.00 19.00 17.00 19.00 10.50 10.50 19.00
22.00 20.50 21.50 22.00 12.50 18.50 12.50 16.00 18.50 19.50 21.00 13.00 17.00 11.00 16.00 21.00 10.50 14.50 21.50 18.00 13.00 17.00 19.00 22.00 18.00 20.50 15.50 16.00 17.00 17.00 15.00 12.50 17.00 12.00 16.50 15.00 18.00 14.00 20.50 16.50 13.50 21.50 12.00 17.50 17.00 16.00 16.50 11.50 17.50 20.00 14.50 10.00 16.00 16.00 19.50 13.50 20.00 15.50 15.50 16.00 21.50 11.50 20.50 16.50
12.50 12.00 20.00 21.50 13.00 20.00 11.50 16.50 20.50 14.00 17.00 21.50 11.00 18.50 20.00 20.00 18.50 17.00 16.50 14.50 15.00 17.00 22.00 16.50 20.00 11.00 10.00 16.50 12.50 14.00 18.00 22.00 21.00 19.00 16.00 22.00 22.00 18.00 14.50 19.00 12.00 14.50 22.00 17.00 21.50 12.50 16.00 13.00 16.00 17.00 17.00 22.00 11.00 12.00 10.00 20.00 10.00 17.00 11.00 21.50 11.00 10.00 16.00 13.00
14.00 13.00 10.50 19.50 11.50 10.50 12.00 11.00 11.00 13.50 15.50 10.00 13.00 14.00 19.50 20.00 13.00 18.00 17.50 13.00 16.50 15.50 10.00 16.00 10.50 15.50 17.50 15.00 13.50 13.00 13.00 16.50 20.00 10.00 16.00 18.00 19.50 13.50 15.50 17.50 12.50 11.00 21.50 17.50 22.00 16.50 12.00 20.50 15.50 18.00 16.50 11.00 12.00 18.50 18.50 14.00 14.50 13.50 18.00 17.00 15.50 14.00 14.00 10.50
14.00 21.00 22.00 18.00 15.50 15.50 21.50 14.50 12.50 19.50 10.50 14.00 14.00 14.00 12.50 10.00 12.50 19.50 18.00 12.50 19.00 18.00 11.50 18.50 22.00 19.00 19.00 12.00 17.00 22.00 14.50 20.50 14.50 20.50 18.00 17.00 17.00 16.50 15.00 14.50 17.00 10.50 19.00 20.50 17.50 14.00 21.50 15.50 17.00 19.00 18.00 11.50 10.50 21.00 13.00 21.50 19.50 17.00 16.00 18.50 13.50 19.50 12.00 20.00
22.00 21.00 13.50 20.00 11.00 10.50 17.00 21.50 16.00 10.00 11.00 20.50 10.50 15.50 12.50 22.00 14.00 13.00 14.50 13.50 14.00 21.00 18.50 10.50 10.00 19.50 18.50 13.50 18.50 19.50 20.00 18.00 14.00 20.00 10.00 20.50 10.50 19.00 15.50 18.50 10.00 16.00 13.50 21.00 21.50 15.00 17.00 11.00 18.00 20.00 17.00 21.50 20.50 19.00 11.50 10.00 21.00 13.00 21.50 15.50 20.00 12.00 13.00 21.50
12.00 13.00 15.50 18.50 15.50 10.50 21.50 14.00 20.00 10.00 11.50 15.00 11.00 10.50 15.50 19.00 18.00 19.50 17.50 12.50 12.50 15.50 16.00 16.50 21.50 13.00 16.50 15.00 19.50 10.50 16.50 19.00 11.00 12.50 18.50 14.00 18.00 18.50 21.50 15.00 12.00 20.50 21.50 15.50 14.50 20.50 16.00 17.50 17.00 21.50 19.00 19.50 18.50 16.00 13.50 17.50 12.50 10.50 17.00 19.50 16.50 21.00 13.50 17.50
13.50 10.50 14.50 18.50 13.50 11.00 15.00 11.50 19.50 20.00 17.00 12.00 15.50 11.50 21.50 13.00 18.50 19.00 10.00 14.00 16.00 17.00 15.00 21.50 10.50 16.00 15.00 14.00 20.00 19.00 19.00 11.00 15.50 11.50 18.50 19.50 11.50 17.50 21.50 14.00 17.50 17.00 18.00 14.50 20.00 15.00 22.00 18.00 16.00 22.00 15.50 16.50 14.00 16.50 10.50 12.50 17.50 17.50 22.00 11.00 19.50 14.00 17.50 21.50
19.50 21.50 20.00 11.50 16.50 20.00 17.50 11.50 18.00 13.50 19.50 18.50 13.00 11.50 18.50 12.00 14.00 11.50 13.50 20.00 10.00 10.50 15.00 17.50 19.00 21.50 12.50 12.00 15.00 15.00 20.00 13.00 19.50 18.00 12.00 14.00 10.50 15.00 19.00 21.00 10.50 12.50 18.00 20.00 14.00 20.00 13.00 15.50 10.00 20.50 19.50 14.50 11.50 11.00 19.50 18.00 11.50 22.00 18.50 16.00 18.50 18.00 13.50 17.00
14.00 14.00 15.00 16.00 17.00 18.50 21.50 19.00 21.50 16.50 21.00 17.00 15.00 14.50 22.00 13.00 13.50 15.00 18.50 18.00 12.50 21.50 16.50 16.50 17.00 19.00 13.50 20.50 11.00 17.50 13.50 10.00 12.00 15.00 19.00 19.00 11.00 21.50 12.50 18.50 17.00 20.00 11.50 14.50 11.50 16.50 14.00 10.50 15.00 18.00 13.00 17.00 17.00 11.00 15.00 17.00 10.00 21.50 19.50 17.50 14.00 12.00 10.50 13.50
17.50 19.00 10.50 18.50 13.50 20.50 16.50 11.00 21.00 10.00 12.50 12.50 18.00 21.00 14.50 13.50 21.00 20.00 17.00 19.50 21.00 14.50 17.00 14.50 19.50 21.00 19.00 18.50 10.00 20.50 10.00 19.50 17.00 10.00 21.00 16.50 14.50 19.00 19.50 12.00 13.50 10.00 10.00 13.50 18.50 11.50 18.50 18.00 14.50 22.00 11.00 11.00 18.00 17.50 12.50 21.50 17.50 11.00 16.50 16.00 14.00 11.50 10.50 12.00
10.50 19.50 11.00 19.50 20.50 10.00 13.00 22.00 20.50 11.00 10.00 20.00 19.00 21.50 11.50 11.50 21.00 17.50 14.50 12.50 11.00 20.00 14.00 17.50 17.50 19.00 16.50 11.00 11.00 13.00 11.50 15.50 11.50 14.50 20.50 18.50 18.50 10.50 12.00 19.00 18.50 12.00 20.00 14.00 17.00 15.00 15.50 11.00 15.00 17.00 14.50 17.00 12.00 16.00 17.00 22.00 12.50 15.50 11.00 10.50 11.50 18.50 19.00 15.00
12.00 22.00 20.50 20.00 17.00 11.50 17.50 14.00 10.00 14.50 17.50 11.00 19.50 11.50 17.50 17.50 12.00 11.50 17.50 18.50 21.00 20.00 15.00 10.00 14.00 13.50 11.00 15.00 21.00 21.50 18.00 17.50 17.00 14.00 12.50 21.50 21.00 19.50 13.50 13.00 14.00 18.00 21.00 14.00 12.50 18.00 20.00 16.50 17.00 20.50 18.50 18.50 14.00 19.50 10.50 15.00 17.00 19.50 22.00 13.50 19.50 12.50 10.50 18.50
18.50 19.50 14.50 19.00 16.50 22.00 15.50 20.50 14.50 22.00 13.00 19.00 16.00 14.00 21.50 21.50 13.00 13.00 18.00 17.00 19.00 12.00 11.00 15.50 10.50 12.50 13.50 11.50 16.50 22.00 20.50 18.50 10.00 19.50 13.50 14.00 16.50 16.50 18.50 16.50 10.50 15.50 12.00 13.50 20.00 16.50 14.00 19.50 13.50 13.00 12.00 18.50 22.00 11.00 14.00 15.00 20.00 13.50 21.00 19.00 20.00 19.50 13.50 16.00
20.00 20.50 11.50 17.00 18.50 15.50 20.50 14.00 15.00 17.00 10.50 12.50 20.50 16.50 12.50 18.00 17.00 11.50 20.50 13.50 12.50 17.00 10.00 15.50 16.50 11.00 18.50 20.00 13.00 21.00 17.50 16.50 12.00 10.00 17.00 17.50 13.00 21.00 13.00 12.00 20.50 12.50 17.50 21.50 17.50 13.50 15.00 10.50 16.50 19.50 18.00 13.50 20.50 16.00 15.50 12.00 16.50 10.50 15.50 17.50 16.50 16.50 12.00 16.50
11.00 12.50 17.00 19.50 18.00 10.50 14.50 16.00 22.00 12.50 13.00 11.00 14.00 17.00 20.00 17.50 20.00 15.00 19.50 18.00 10.00 15.50 20.00 18.50 14.00 12.50 22.00 11.00 16.00 16.50 11.50 22.00 20.50 19.50 17.00 13.50 12.50 19.00 21.00 14.50 16.00 18.00 19.50 21.50 12.00 15.50 14.00 10.50 13.00 17.50 18.00 14.00 19.00 17.00 16.50 14.50 10.00 15.00 20.50 12.50 17.50 17.00 14.50 13.00
18.00 13.00 12.00 11.00 11.00 11.00 17.50 10.00 10.00 21.00 15.00 13.00 13.00 18.50 20.00 16.00 22.00 10.50 11.50 21.00 17.00 13.50 18.50 21.00 19.00 17.50 12.00 10.50 22.00 10.00 14.50 10.00 11.50 12.50 20.00 14.00 18.50 15.50 10.00 14.00 10.00 15.50 19.50 20.00 13.50 18.50 16.50 18.50 12.00 17.50 19.00 20.50 12.50 13.00 13.50 20.00 16.50 12.50 13.50 20.00 16.00 17.00 21.00 12.50
17.50 12.50 21.50 13.00 15.00 15.50 18.50 17.50 14.50 13.50 10.50 20.50 18.00 10.00 12.50 18.00 16.50 14.00 19.50 19.00 20.00 13.50 21.50 10.00 20.50 21.50 17.00 20.00 20.00 11.00 11.00 11.50 10.00 16.00 12.00 15.50 15.00 10.00 17.00 15.00 11.00 21.00 11.50 18.50 15.00 10.50 13.00 12.50 14.00 20.00 17.00 11.00 21.50 22.00 16.50 11.50 16.50 15.50 12.50 20.50 19.00 18.00 11.50 13.00
15.00 11.00 12.00 16.50 20.00 17.50 13.50 16.00 19.00 18.00 10.50 17.50 10.00 21.50 20.00 20.50 18.00 10.50 11.00 20.50 21.00 14.50 12.50 14.00 17.50 15.50 14.00 15.00 14.50 20.00 20.00 19.50 18.50 19.00 12.00 16.00 19.50 10.50 22.00 11.50 14.00 14.50 16.50 10.00 18.50 15.50 14.00 14.00 17.00 15.00 18.50 17.00 10.00 16.50 12.00 12.50 12.00 13.50 15.00 18.00 18.00 18.00 18.00 18.00
11.00 21.00 21.50 14.50 18.00 19.50 12.50 12.00 16.00 15.50 13.50 14.50 10.50 13.00 20.50 19.50 21.50 11.00 16.50 18.00 14.50 14.50 14.00 19.00 21.00 15.50 15.00 18.00 11.00 22.00 17.00 20.00 12.50 22.00 21.00 10.00 11.50 19.00 11.50 17.00 13.50 13.50 10.50 11.50 14.00 17.00 15.50 19.00 21.50 14.50 11.50 14.00 16.00 14.00 14.00 13.50 13.50 18.50 19.50 12.00 21.50 10.00 20.00 16.50
14.50 16.00 19.00 20.00 16.00 21.50 14.00 13.00 13.50 21.50 14.00 20.50 12.00 16.00 20.00 20.50 16.00 11.00 19.50 19.00 15.50 18.50 13.50 14.00 17.00 18.00 11.50 20.50 13.50 15.00 17.00 21.50 20.50 18.00 16.00 20.50 22.00 19.00 20.00 12.00 17.00 14.00 16.00 12.00 13.50 21.00 20.50 13.00 16.00 14.50 14.50 12.00 14.50 13.00 16.50 16.00 11.00 16.50 18.50 21.50 13.00 11.00 14.50 17.50
12.00 18.50 20.50 18.00 15.00 16.50 22.00 19.50 15.50 13.50 12.50 20.50 13.50 15.50 20.00 11.50 19.50 21.50 19.50 17.00 22.00 14.00 20.00 11.50 20.00 10.50 14.00 20.00 10.00 10.50 20.00 13.50 12.50 17.00 14.00 21.50 13.00 13.50 11.00 18.00 21.50 12.00 18.50 16.00 11.00 15.50 10.00 18.50 13.00 10.50 14.00 18.00 18.00 12.00 15.00 16.00 14.00 13.00 18.00 15.50 19.00 19.50 13.50 11.00
11.50 12.00 14.50 14.00 11.50 16.00 22.00 22.00 11.00 21.50 13.50 16.00 18.50 21.00 18.00 18.00 11.00 13.50 12.00 21.00 18.00 15.50 13.50 15.00 14.00 18.50 16.50 21.00 17.00 19.00 10.00 21.50 11.50 21.00 22.00 16.00 12.00 18.50 19.50 10.00 17.00 18.50 11.50 10.50 16.00 20.50 22.00 17.00 17.00 11.00 19.00 16.00 11.00 21.50 19.50 22.00 17.50 16.00 15.00 21.50 15.50 12.00 11.00 14.50
15.50 11.50 18.50 18.50 20.00 18.00 20.50 14.50 10.50 14.50 21.00 15.00 20.50 20.50 16.50 20.50 15.50 17.50 14.00 16.00 16.00 16.00 10.50 20.00 13.50 10.00 12.50 21.50 12.00 14.50 18.50 15.00 10.00 11.50 12.50 12.00 21.00 17.50 13.50 20.50 16.50 13.50 22.00 15.50 18.50 15.00 10.00 12.50 19.50 20.00 10.00 21.50 11.00 15.00 17.50 16.50 16.50 20.00 17.50 16.00 22.00 16.50 21.00 13.00
18.50 20.00 22.00 16.50 11.00 15.00 18.00 19.00 21.00 15.00 17.00 11.50 15.50 14.50 12.50 22.00 10.50 12.50 19.00 16.50 12.50 11.00 11.50 17.50 13.50 21.00 16.00 22.00 11.00 10.00 18.00 17.00 13.50 17.00 10.50 19.00 15.00 16.50 17.50 18.50 21.50 13.00 10.50 11.00 16.00 19.00 17.50 17.00 10.00 17.00 18.50 13.50 18.50 19.00 13.00 21.50 12.00 14.00 16.50 13.50 19.00 15.00 13.50 13.50
12.50 12.50 22.00 19.00 15.50 19.50 21.50 11.50 15.00 19.00 22.00 17.50 11.50 20.50 14.50 19.50 19.50 15.50 19.50 16.00 22.00 10.50 20.00 20.50 22.00 15.00 17.00 22.00 15.50 15.50 12.00 18.00 15.50 16.50 11.00 18.00 18.00 15.50 15.50 17.00 14.50 17.50 13.50 13.50 14.00 14.50 14.50 17.50 21.50 12.00 18.00 18.00 17.00 16.00 15.50 16.50 17.00 10.50 22.00 11.50 11.50 21.50 10.00 13.00
17.00 12.50 16.00 18.50 17.00 11.50 20.00 10.50 20.00 18.50 12.50 20.00 13.50 16.00 17.00 19.00 13.50 11.50 16.50 17.50 17.50 12.00 13.00 20.50 16.50 17.50 20.50 15.00 13.00 21.50 11.50 21.00 11.50 11.00 17.50 15.00 16.00 21.00 14.00 16.00 10.00 19.50 22.00 11.00 15.00 10.50 11.00 12.00 16.00 19.50 22.00 21.50 18.50 10.50 10.00 12.00 15.00 19.00 20.00 13.50 17.50 10.00 20.00 11.00
20.00 14.50 16.00 11.50 14.50 19.50 20.50 13.50 19.50 16.00 13.00 19.50 10.50 20.50 19.00 21.50 20.00 15.00 11.50 18.00 12.00 22.00 19.50 21.00 10.00 13.00 21.50 16.00 12.00 12.50 15.50 14.00 15.00 20.50 15.00 13.00 13.50 15.00 15.50 18.50 12.00 15.50 21.00 14.00 14.00 16.50 15.00 15.50 21.50 18.50 12.50 11.00 17.00 17.00 15.50 20.00 10.50 20.50 15.50 17.00 14.00 14.50 12.50 19.00
19.50 18.00 19.00 14.50 14.00 14.00 15.00 16.00 17.00 15.00 16.50 17.00 14.00 17.50 15.50 18.50 17.00 10.50 20.00 16.50 20.00 11.00 14.50 10.00 21.00 15.00 18.00 16.00 12.00 18.50 19.00 10.50 21.50 22.00 10.00 16.50 15.50 16.50 12.00 15.00 20.50 18.50 14.00 14.50 19.00 13.50 21.00 10.50 19.00 15.00 20.50 20.50 11.50 17.00 11.00 21.00 20.50 21.00 16.50 19.00 21.50 13.00 10.00 20.50
13.00 16.50 13.50 21.50 12.50 10.50 12.00 11.00 17.00 10.50 21.00 10.00 12.00 16.50 15.00 15.00 11.50 11.50 13.00 14.00 10.50 20.00 15.50 12.50 15.00 19.00 15.00 10.50 18.50 11.50 14.50 17.50 13.50 10.00 18.50 17.00 21.50 17.50 17.50 18.00 13.50 15.50 13.50 13.00 10.50 21.50 13.50 20.00 11.50 17.00 20.50 11.50 19.00 21.00 17.50 21.50 14.00 16.00 13.50 12.00 18.50 20.50 15.00 13.00
17.50 10.00 10.00 10.50 13.50 17.50 12.50 20.00 20.50 19.50 20.50 11.00 14.50 19.50 12.50 11.50 10.00 18.50 13.50 19.00 12.00 17.50 15.50 14.50 20.50 19.00 19.00 19.50 14.50 10.00 18.00 19.00 19.50 12.50 13.50 17.00 19.00 17.00 19.00 19.00 17.00 12.50 16.50 10.50 15.50 10.50 11.50 20.50 18.00 17.50 17.50 16.00 10.50 12.50 11.00 11.50 19.50 11.50 13.50 11.00 17.00 18.50 17.00 21.00
18.00 10.00 11.50 18.00 12.50 22.00 18.50 15.50 16.00 21.00 19.00 22.00 21.50 21.00 19.50 22.00 10.00 11.50 13.50 19.00 19.00 19.00 13.00 14.50 13.00 17.50 19.00 18.00 20.50 10.00 15.00 17.00 18.00 15.50 20.50 17.00 18.50 22.00 18.00 10.50 11.00 19.00 21.00 12.50 17.00 19.00 15.00 11.00 11.50 17.00 13.00 14.50 11.00 10.00 20.50 11.00 12.00 11.50 15.50 11.50 12.50 15.00 15.00 19.50
19.50 15.50 22.00 15.00 20.50 20.50 17.00 14.50 10.50 19.50 14.00 21.50 12.00 20.00 20.00 13.00 17.00 11.50 19.00 14.00 17.50 11.50 20.50 14.00 11.00 21.50 14.00 14.50 10.50 10.50 21.00 20.00 14.00 19.50 14.50 21.00 15.50 17.50 18.00 12.00 10.00 14.00 15.00 10.50 17.00 12.50 17.00 16.50 22.00 18.50 18.00 18.50 15.00 16.00 10.00 13.50 17.50 18.00 14.50 18.50 21.50 18.00 11.00 16.00
21.50 10.50 22.00 11.00 18.50 20.00 19.50 20.50 17.50 20.00 17.00 18.00 18.00 17.00 20.50 19.50 20.00 12.50 15.00 18.50 15.50 12.00 15.50 11.00 13.50 12.00 14.50 22.00 13.50 15.00 18.00 10.50 21.00 15.00 12.50 17.00 12.50 15.50 20.00 19.50 14.00 13.50 11.50 15.00 19.50 10.50 10.50 13.00 14.50 11.50 20.50 11.50 14.00 13.00 16.50 18.50 21.00 14.50 12.50 10.00 11.00 20.00 14.50 13.50
10.50 20.00 15.50 17.00 17.00 11.00 22.00 10.50 17.50 17.00 11.50 21.50 11.50 18.00 10.50 10.00 14.00 11.50 18.00 17.50 18.00 18.50 18.50 20.00 19.50 15.00 13.00 19.50 17.50 14.00 14.00 12.00 12.50 16.50 12.00 21.00 10.00 11.00 15.00 19.00 20.00 18.00 15.50 17.50 18.00 20.50 12.00 22.00 11.50 15.00 11.00 15.50 12.50 13.00 10.50 11.00 17.50 11.00 19.00 21.50 12.00 21.00 17.50 12.00
20.50 20.00 18.00 12.00 11.00 12.00 14.00 17.50 17.00 12.50 22.00 14.00 15.00 10.50 12.50 21.50 15.50 18.00 21.50 22.00 21.50 15.00 20.50 20.00 10.00 11.50 20.00 17.00 17.50 20.50 18.00 17.00 11.50 11.00 16.50 10.00 16.00 17.00 11.50 14.00 13.50 20.00 10.50 21.50 14.50 11.50 19.50 12.50 14.50 15.00 17.00 10.00 15.50 22.00 12.50 14.00 22.00 19.00 10.00 15.00 16.00 19.00 20.00 15.50
11.00 17.50 13.50 11.00 12.00 19.50 19.50 20.00 16.50 21.00 12.50 15.00 12.00 10.50 17.00 20.00 10.00 16.00 15.50 12.00 11.00 18.50 18.00 15.50 15.00 12.50 14.00 12.50 16.00 17.50 11.00 11.00 11.00 20.50 14.00 16.50 14.00 11.50 11.00 13.00 11.50 21.50 19.00 18.00 19.50 13.00 15.00 18.50 13.00 14.50 15.00 16.50 12.00 19.00 20.50 17.50 20.50 19.50 15.00 11.50 11.50 10.50 10.00 20.50
17.50 20.00 14.00 21.50 18.50 11.00 11.00 22.00 13.50 14.00 21.00 12.00 20.50 17.00 22.00 15.50 22.00 19.50 20.50 14.00 11.50 18.00 20.50 14.00 15.50 12.00 20.00 13.00 21.50 10.00 12.00 22.00 21.00 19.00 10.50 21.50 17.00 17.50 13.00 10.00 18.00 11.50 15.00 22.00 21.50 19.50 16.00 13.50 22.00 17.00 17.00 16.00 10.00 12.00 16.50 15.00 10.50 19.50 20.50 20.50 14.50 15.50 17.00 21.50
20.00 17.50 17.50 20.00 15.50 15.50 13.50 10.50 13.50 17.50 18.50 16.50 19.00 16.00 11.50 11.50 10.00 15.50 14.00 12.50 21.00 15.50 19.50 12.00 14.50 19.50 15.00 10.00 12.00 14.00 12.00 11.50 19.00 17.00 14.00 22.00 20.00 16.00 16.50 14.50 13.00 18.50 18.50 15.00 15.50 20.00 16.00 22.00 10.50 20.00 13.50 11.50 11.00 20.00 18.50 11.00 16.50 12.50 17.50 14.00 20.00 18.00 18.00 13.50
15.00 11.50 13.00 20.50 14.00 20.00 22.00 18.00 14.00 14.50 20.50 12.50 18.50 22.00 15.50 19.00 18.00 10.50 13.00 15.00 20.00 11.00 13.50 13.50 15.50 21.00 13.50 10.50 18.50 12.50 18.50 12.00 11.50 14.00 16.50 20.50 11.50 11.00 18.00 20.50 21.50 15.00 20.00 13.00 19.50 19.50 18.00 18.50 21.50 17.00 21.00 21.50 10.50 19.00 19.00 12.00 12.50 12.00 15.50 12.00 13.50 16.00 15.00 15.50
14.00 19.00 19.00 18.50 22.00 12.50 17.00 15.50 13.00 15.00 11.50 13.50 19.00 19.00 14.00 13.50 22.00 17.00 10.00 14.00 17.50 15.50 10.50 12.50 16.00 12.00 14.50 19.00 17.50 11.50 20.50 10.50 14.50 17.50 17.00 17.00 21.50 15.00 17.00 17.00 22.00 14.00 16.50 15.00 12.00 14.00 11.50 22.00 18.00 10.00 20.50 22.00 17.00 12.00 10.50 19.50 19.50 11.00 10.00 20.00 10.50 18.50 11.50 19.00
11.50 12.00 10.00 22.00 17.00 20.00 13.00 16.00 12.00 16.00 13.50 18.50 17.00 13.50 17.00 18.50 18.50 11.50 19.50 19.00 13.00 18.50 14.50 14.00 11.50 12.00 14.50 14.50 10.50 19.50 19.50 20.00 20.50 18.00 10.50 16.00 17.00 15.50 14.50 19.00 10.00 20.00 14.50 18.00 16.50 16.00 13.00 16.50 21.50 19.00 17.50 22.00 16.50 22.00 20.50 14.50 14.00 12.00 20.00 10.00 10.00 16.00 12.50 10.00
18.50 13.00 14.00 10.50 11.50 21.50 20.00 21.00 19.50 18.50 13.50 18.00 19.00 16.00 20.50 20.00 17.00 17.00 14.50 20.00 18.00 14.00 19.50 17.50 12.50 20.50 20.00 19.50 21.50 17.00 19.50 10.50 13.50 11.00 19.00 13.00 18.00 11.00 21.00 11.00 12.50 20.00 20.00 20.50 21.00 19.50 19.00 20.00 14.50 16.50 18.00 22.00 16.50 15.50 13.50 17.00 14.50 16.50 16.00 19.00 22.00 11.50 11.50 18.50
17.50 12.50 11.50 11.00 14.50 20.50 13.00 20.50 14.50 19.50 13.00 11.00 21.50 19.00 10.00 10.50 13.50 18.50 15.50 14.00 17.50 10.50 10.00 19.00 19.50 12.00 17.50 19.00 22.00 15.50 12.00 15.00 17.50 13.00 10.50 15.50 18.00 12.00 17.00 14.00 12.00 17.00 22.00 17.00 13.50 18.50 17.50 15.50 14.50 20.50 10.50 14.00 21.50 16.50 20.00 17.00 18.50 21.00 14.50 10.00 22.00 21.00 10.00 17.00
21.00 16.50 18.00 18.00 22.00 16.00 20.50 16.50 14.50 16.50 22.00 18.00 18.00 15.00 10.00 18.00 10.00 21.00 20.00 17.00 21.00 21.00 10.00 10.00 16.50 20.00 10.00 19.00 18.50 18.00 15.00 14.50 21.00 20.50 10.00 19.50 20.50 17.00 10.50 15.00 12.50 18.00 15.50 14.50 11.50 13.00 19.50 21.00 14.00 18.00 20.00 17.00 13.50 13.50 10.00 21.50 14.00 14.50 17.50 17.50 16.00 16.00 20.50 20.50
17.50 18.00 18.00 22.00 20.00 20.00 14.00 10.50 17.50 12.50 18.50 12.00 21.50 20.50 10.50 16.00 13.00 19.50 21.00 17.00 15.00 18.00 14.00 20.00 17.50 19.50 17.50 15.50 11.00 10.50 20.50 16.50 14.50 21.50 13.00 12.00 20.00 19.00 10.50 11.50 10.50 20.50 16.00 15.50 13.50 14.50 19.00 11.50 10.50 16.00 19.00 18.00 15.50 22.00 12.50 17.00 13.00 13.50 10.50 19.00 20.50 21.00 21.00 11.00
16.50 12.00 22.00 17.50 14.50 13.00 12.50 12.00 21.50 20.00 12.00 19.00 20.00 18.50 16.50 21.50 11.50 14.50 18.00 17.00 19.00 15.50 13.00 19.00 12.50 18.50 13.50 13.00 17.50 15.00 12.50 11.00 11.50 18.50 19.50 17.00 18.00 13.00 14.00 21.50 14.50 19.50 10.50 19.50 15.50 19.50 20.00 14.50 16.50 22.00 15.00 11.50 16.00 12.50 21.00 12.00 15.00 22.00 18.50 16.50 19.00 17.50 13.50 12.50
12.00 18.00 20.00 17.50 17.50 20.00 10.50 19.50 21.50 20.50 13.50 17.00 12.00 16.00 17.50 15.00 13.50 18.00 21.50 14.50 19.00 17.00 12.50 14.00 15.50 10.00 13.50 11.50 12.50 17.50 20.50 15.50 17.00 22.00 15.00 18.00 12.00 19.00 18.00 20.50 19.00 15.00 15.50 19.00 13.00 21.00 17.50 15.00 15.00 21.00 14.50 16.00 11.00 21.00 10.50 18.00 20.00 12.00 17.50 12.00 16.50 11.50 12.00 13.00
19.50 13.00 15.00 10.50 12.50 20.50 11.00 12.00 21.00 16.50 21.50 15.00 19.00 10.00 18.50 19.00 15.00 15.00 17.00 22.00 11.50 16.00 12.50 11.50 17.50 20.50 17.50 14.50 18.50 17.00 10.00 21.50 20.50 20.00 15.50 14.00 20.50 17.00 17.00 22.00 19.50 13.00 21.00 15.50 14.00 19.50 15.00 17.00 12.00 14.50 11.00 11.50 14.50 14.50 21.50 19.00 14.00 16.50 20.00 14.50 11.00 10.50 16.50 20.00
22.00 13.50 14.50 19.00 14.50 22.00 13.50 15.00 14.00 14.50 20.50 21.50 13.50 21.50 12.00 20.00 13.00 21.00 18.00 17.50 15.00 15.50 11.50 14.50 11.50 11.50 10.50 19.00 16.00 21.50 12.50 14.00 11.50 15.00 15.00 21.00 21.50 21.00 21.00 12.00 19.50 14.50 18.00 11.50 19.50 21.00 21.00 20.50 10.00 18.50 19.00 18.50 15.50 14.50 21.00 10.50 16.50 16.50 20.50 22.00 17.50 11.00 15.50 20.50
